Voltage U1	Corriente IA
U1/V	IA/nA

0,02	0,02
0,04	0,02
0,07	0,02
0,09	0,02
0,12	0,02
0,14	0,02
0,17	0,02
0,19	0,02
0,21	0,02
0,24	0,02
0,26	0,02
0,29	0,02
0,31	0,02
0,34	0,02
0,36	0,02
0,39	0,04
0,41	0,04
0,43	0,04
0,46	0,04
0,48	0,03
0,51	0,03
0,53	0,03
0,56	0,04
0,58	0,04
0,61	0,04
0,63	0,04
0,65	0,04
0,68	0,06
0,70	0,06
0,73	0,06
0,75	0,06
0,78	0,08
0,80	0,08
0,83	0,08
0,85	0,07
0,87	0,07
0,90	0,07
0,92	0,07
0,95	0,04
0,97	0,05
1,00	0,05
1,02	0,06
1,05	0,06
1,07	0,07
1,09	0,06
1,12	0,06
1,14	0,06
1,17	0,06
1,19	0,06
1,22	0,06
1,24	0,06
1,26	0,06
1,29	0,06
1,31	0,07
1,34	0,08
1,36	0,06
1,39	0,06
1,41	0,04
1,44	0,04
1,46	0,04
1,48	0,05
1,51	0,05
1,53	0,06
1,56	0,06
1,58	0,07
1,61	0,07
1,63	0,07
1,66	0,07
1,68	0,07
1,70	0,06
1,73	0,06
1,75	0,05
1,78	0,07
1,80	0,07
1,83	0,07
1,85	0,07
1,88	0,08
1,90	0,08
1,92	0,08
1,95	0,06
1,97	0,06
2,00	0,05
2,02	0,05
2,05	0,03
2,07	0,03
2,10	0,03
2,12	0,07
2,14	0,07
2,17	0,07
2,19	0,07
2,22	0,07
2,24	0,07
2,27	0,07
2,29	0,06
2,31	0,06
2,34	0,05
2,36	0,05
2,39	0,06
2,41	0,07
2,44	0,07
2,46	0,07
2,49	0,07
2,51	0,07
2,53	0,07
2,56	0,06
2,58	0,08
2,61	0,08
2,63	0,08
2,66	0,08
2,68	0,08
2,71	0,08
2,73	0,08
2,75	0,06
2,78	0,06
2,80	0,05
2,83	0,05
2,85	0,05
2,88	0,07
2,90	0,07
2,93	0,07
2,95	0,07
2,97	0,08
3,00	0,08
3,02	0,07
3,05	0,06
3,07	0,06
3,10	0,06
3,12	0,06
3,15	0,06
3,17	0,07
3,19	0,07
3,22	0,08
3,24	0,08
3,27	0,08
3,29	0,08
3,32	0,07
3,34	0,07
3,36	0,07
3,39	0,06
3,41	0,06
3,44	0,04
3,46	0,04
3,49	0,03
3,51	0,04
3,54	0,04
3,56	0,04
3,58	0,04
3,61	0,04
3,63	0,04
3,66	0,04
3,68	0,04
3,71	0,03
3,73	0,03
3,76	0,03
3,78	0,03
3,80	0,03
3,83	0,03
3,85	0,04
3,88	0,04
3,90	0,05
3,93	0,05
3,95	0,05
3,98	0,05
4,00	0,05
4,02	0,04
4,05	0,04
4,07	0,04
4,10	0,04
4,12	0,03
4,15	0,04
4,17	0,04
4,20	0,04
4,22	0,04
4,24	0,05
4,27	0,05
4,29	0,05
4,32	0,07
4,34	0,07
4,37	0,08
4,39	0,08
4,42	0,07
4,44	0,07
4,46	0,07
4,49	0,06
4,51	0,06
4,54	0,06
4,56	0,06
4,59	0,07
4,61	0,08
4,63	0,08
4,66	0,08
4,68	0,08
4,71	0,09
4,73	0,09
4,76	0,08
4,78	0,11
4,81	0,11
4,83	0,13
4,85	0,13
4,88	0,12
4,90	0,12
4,93	0,11
4,95	0,09
4,98	0,09
5,00	0,09
5,03	0,09
5,05	0,12
5,07	0,12
5,10	0,13
5,12	0,15
5,15	0,15
5,17	0,16
5,20	0,16
5,22	0,14
5,25	0,13
5,27	0,11
5,29	0,12
5,32	0,12
5,34	0,14
5,37	0,14
5,39	0,16
5,42	0,18
5,44	0,18
5,47	0,17
5,49	0,17
5,51	0,17
5,54	0,17
5,56	0,16
5,59	0,17
5,61	0,17
5,64	0,19
5,66	0,19
5,68	0,20
5,71	0,21
5,73	0,18
5,76	0,18
5,78	0,18
5,81	0,19
5,83	0,19
5,86	0,18
5,88	0,19
5,90	0,22
5,93	0,23
5,95	0,23
5,98	0,24
6,00	0,24
6,03	0,23
6,05	0,22
6,08	0,19
6,10	0,21
6,12	0,21
6,15	0,22
6,17	0,23
6,20	0,25
6,22	0,27
6,25	0,27
6,27	0,27
6,30	0,27
6,32	0,26
6,34	0,25
6,37	0,23
6,39	0,25
6,42	0,26
6,44	0,28
6,47	0,28
6,49	0,29
6,52	0,32
6,54	0,30
6,56	0,29
6,59	0,28
6,61	0,29
6,64	0,29
6,66	0,27
6,69	0,28
6,71	0,29
6,73	0,31
6,76	0,31
6,78	0,31
6,81	0,32
6,83	0,30
6,86	0,30
6,88	0,28
6,91	0,30
6,93	0,30
6,95	0,28
6,98	0,30
7,00	0,31
7,03	0,33
7,05	0,32
7,08	0,31
7,10	0,31
7,13	0,29
7,15	0,28
7,17	0,26
7,20	0,26
7,22	0,26
7,25	0,28
7,27	0,29
7,30	0,30
7,32	0,31
7,35	0,29
7,37	0,29
7,39	0,29
7,42	0,27
7,44	0,26
7,47	0,23
7,49	0,25
7,52	0,26
7,54	0,28
7,57	0,28
7,59	0,28
7,61	0,29
7,64	0,28
7,66	0,26
7,69	0,27
7,71	0,25
7,74	0,25
7,76	0,23
7,78	0,24
7,81	0,24
7,83	0,26
7,86	0,25
7,88	0,25
7,91	0,27
7,93	0,25
7,96	0,26
7,98	0,27
8,00	0,27
8,03	0,29
8,05	0,29
8,08	0,29
8,10	0,32
8,13	0,33
8,15	0,31
8,18	0,31
8,20	0,30
8,22	0,30
8,25	0,31
8,27	0,30
8,30	0,31
8,32	0,32
8,35	0,34
8,37	0,36
8,40	0,37
8,42	0,38
8,44	0,37
8,47	0,36
8,49	0,36
8,52	0,36
8,54	0,37
8,57	0,36
8,59	0,38
8,62	0,40
8,64	0,42
8,66	0,41
8,69	0,43
8,71	0,46
8,74	0,45
8,76	0,44
8,79	0,44
8,81	0,45
8,84	0,47
8,86	0,47
8,88	0,48
8,91	0,50
8,93	0,51
8,96	0,51
8,98	0,52
9,01	0,54
9,03	0,53
9,05	0,53
9,08	0,53
9,10	0,56
9,13	0,57
9,15	0,57
9,18	0,59
9,20	0,60
9,23	0,63
9,25	0,62
9,27	0,62
9,30	0,63
9,32	0,63
9,35	0,63
9,37	0,63
9,40	0,64
9,42	0,63
9,45	0,66
9,47	0,63
9,49	0,66
9,52	0,66
9,54	0,63
9,57	0,63
9,59	0,62
9,62	0,61
9,64	0,62
9,67	0,60
9,69	0,63
9,71	0,66
9,74	0,69
9,76	0,70
9,79	0,73
9,81	0,75
9,84	0,75
9,86	0,75
9,89	0,72
9,91	0,74
9,93	0,74
9,96	0,74
9,98	0,77
10,01	0,80
10,03	0,83
10,06	0,83
10,08	0,84
10,10	0,86
10,13	0,86
10,15	0,85
10,18	0,82
10,20	0,86
10,23	0,88
10,25	0,91
10,28	0,93
10,30	0,96
10,32	1,00
10,35	0,99
10,37	1,00
10,40	0,99
10,42	1,00
10,45	1,01
10,47	1,00
10,50	1,04
10,52	1,07
10,54	1,11
10,57	1,14
10,59	1,15
10,62	1,17
10,64	1,16
10,67	1,15
10,69	1,14
10,72	1,17
10,74	1,16
10,76	1,17
10,79	1,21
10,81	1,24
10,84	1,29
10,86	1,26
10,89	1,27
10,91	1,29
10,94	1,27
10,96	1,27
10,98	1,24
11,01	1,27
11,03	1,30
11,06	1,30
11,08	1,33
11,11	1,35
11,13	1,38
11,15	1,34
11,18	1,34
11,20	1,33
11,23	1,32
11,25	1,30
11,28	1,26
11,30	1,31
11,33	1,32
11,35	1,33
11,37	1,34
11,40	1,33
11,42	1,36
11,45	1,31
11,47	1,28
11,50	1,26
11,52	1,24
11,55	1,24
11,57	1,22
11,59	1,24
11,62	1,26
11,64	1,28
11,67	1,27
11,69	1,27
11,72	1,28
11,74	1,22
11,77	1,21
11,79	1,16
11,81	1,17
11,84	1,15
11,86	1,11
11,89	1,13
11,91	1,14
11,94	1,17
11,96	1,13
11,99	1,11
12,01	1,11
12,03	1,08
12,06	1,06
12,08	0,99
12,11	0,98
12,13	1,00
12,16	0,94
12,18	0,96
12,21	0,93
12,23	0,95
12,25	0,93
12,28	0,89
12,30	0,89
12,33	0,88
12,35	0,87
12,38	0,85
12,40	0,86
12,42	0,86
12,45	0,87
12,47	0,87
12,50	0,88
12,52	0,90
12,55	0,89
12,57	0,88
12,60	0,87
12,62	0,87
12,64	0,89
12,67	0,88
12,69	0,88
12,72	0,89
12,74	0,90
12,77	0,92
12,79	0,92
12,82	0,92
12,84	0,92
12,86	0,91
12,89	0,92
12,91	0,92
12,94	0,92
12,96	0,93
12,99	0,94
13,01	0,96
13,04	0,99
13,06	0,99
13,08	1,01
13,11	1,03
13,13	1,03
13,16	1,04
13,18	1,04
13,21	1,05
13,23	1,07
13,26	1,08
13,28	1,09
13,30	1,12
13,33	1,13
13,35	1,14
13,38	1,16
13,40	1,17
13,43	1,19
13,45	1,20
13,47	1,20
13,50	1,24
13,52	1,26
13,55	1,27
13,57	1,28
13,60	1,30
13,62	1,33
13,65	1,33
13,67	1,33
13,69	1,35
13,72	1,37
13,74	1,34
13,77	1,37
13,79	1,38
13,82	1,38
13,84	1,42
13,87	1,37
13,89	1,39
13,91	1,42
13,94	1,39
13,96	1,39
13,99	1,37
14,01	1,40
14,04	1,42
14,06	1,43
14,09	1,47
14,11	1,51
14,13	1,55
14,16	1,56
14,18	1,57
14,21	1,58
14,23	1,60
14,26	1,59
14,28	1,57
14,31	1,61
14,33	1,62
14,35	1,66
14,38	1,69
14,40	1,72
14,43	1,78
14,45	1,77
14,48	1,78
14,50	1,79
14,52	1,80
14,55	1,82
14,57	1,81
14,60	1,86
14,62	1,91
14,65	1,96
14,67	1,98
14,70	2,01
14,72	2,06
14,74	2,05
14,77	2,06
14,79	2,05
14,82	2,08
14,84	2,09
14,87	2,10
14,89	2,16
14,92	2,21
14,94	2,27
14,96	2,27
14,99	2,31
15,01	2,34
15,04	2,33
15,06	2,33
15,09	2,31
15,11	2,37
15,14	2,39
15,16	2,41
15,18	2,47
15,21	2,52
15,23	2,61
15,26	2,60
15,28	2,62
15,31	2,63
15,33	2,66
15,36	2,66
15,38	2,64
15,40	2,70
15,43	2,74
15,45	2,79
15,48	2,83
15,50	2,86
15,53	2,92
15,55	2,91
15,57	2,92
15,60	2,91
15,62	2,94
15,65	2,94
15,67	2,92
15,70	2,99
15,72	3,03
15,75	3,08
15,77	3,08
15,79	3,07
15,82	3,10
15,84	3,07
15,87	3,04
15,89	2,99
15,92	3,02
15,94	3,01
15,97	3,01
15,99	3,05
16,01	3,08
16,04	3,13
16,06	3,09
16,09	3,08
16,11	3,09
16,14	3,04
16,16	3,01
16,19	2,95
16,21	2,96
16,23	2,97
16,26	2,95
16,28	2,96
16,31	2,97
16,33	3,01
16,36	2,96
16,38	2,94
16,41	2,90
16,43	2,89
16,45	2,87
16,48	2,81
16,50	2,83
16,53	2,84
16,55	2,80
16,58	2,85
16,60	2,78
16,63	2,83
16,65	2,78
16,67	2,73
16,70	2,73
16,72	2,70
16,75	2,67
16,77	2,62
16,80	2,60
16,82	2,58
16,84	2,54
16,87	2,48
16,89	2,44
16,92	2,40
16,94	2,34
16,97	2,29
16,99	2,24
17,02	2,21
17,04	2,17
17,06	2,12
17,09	2,10
17,11	2,07
17,14	2,05
17,16	2,01
17,19	1,97
17,21	1,95
17,24	1,90
17,26	1,86
17,28	1,83
17,31	1,82
17,33	1,80
17,36	1,79
17,38	1,79
17,41	1,79
17,43	1,82
17,46	1,80
17,48	1,80
17,50	1,79
17,53	1,78
17,55	1,79
17,58	1,78
17,60	1,79
17,63	1,80
17,65	1,81
17,68	1,82
17,70	1,84
17,72	1,86
17,75	1,86
17,77	1,86
17,80	1,87
17,82	1,89
17,85	1,91
17,87	1,91
17,89	1,95
17,92	1,96
17,94	1,99
17,97	1,99
17,99	2,00
18,02	2,03
18,04	2,03
18,07	2,04
18,09	2,05
18,11	2,09
18,14	2,08
18,16	2,12
18,19	2,13
18,21	2,16
18,24	2,18
18,26	2,15
18,29	2,16
18,31	2,18
18,33	2,17
18,36	2,17
18,38	2,14
18,41	2,19
18,43	2,22
18,46	2,27
18,48	2,30
18,51	2,33
18,53	2,39
18,55	2,39
18,58	2,40
18,60	2,40
18,63	2,42
18,65	2,43
18,68	2,43
18,70	2,49
18,73	2,53
18,75	2,59
18,77	2,62
18,80	2,65
18,82	2,69
18,85	2,68
18,87	2,69
18,90	2,70
18,92	2,74
18,94	2,76
18,97	2,76
18,99	2,82
19,02	2,88
19,04	2,94
19,07	2,94
19,09	2,97
19,12	3,00
19,14	3,00
19,16	3,02
19,19	3,02
19,21	3,07
19,24	3,10
19,26	3,13
19,29	3,19
19,31	3,25
19,34	3,31
19,36	3,32
19,38	3,34
19,41	3,38
19,43	3,39
19,46	3,40
19,48	3,40
19,51	3,47
19,53	3,51
19,56	3,57
19,58	3,60
19,60	3,66
19,63	3,74
19,65	3,74
19,68	3,76
19,70	3,76
19,73	3,80
19,75	3,83
19,78	3,83
19,80	3,89
19,82	3,95
19,85	4,01
19,87	4,05
19,90	4,09
19,92	4,16
19,95	4,17
19,97	4,18
19,99	4,19
20,02	4,27
20,04	4,29
20,07	4,31
20,09	4,37
20,12	4,43
20,14	4,52
20,17	4,52
20,19	4,54
20,21	4,60
20,24	4,61
20,26	4,63
20,29	4,63
20,31	4,69
20,34	4,74
20,36	4,78
20,39	4,82
20,41	4,88
20,43	4,95
20,46	4,94
20,48	4,95
20,51	4,95
20,53	4,96
20,56	4,97
20,58	4,94
20,61	5,01
20,63	5,04
20,65	5,10
20,68	5,13
20,70	5,13
20,73	5,17
20,75	5,14
20,78	5,11
20,80	5,07
20,83	5,06
20,85	5,04
20,87	5,02
20,90	5,06
20,92	5,07
20,95	5,11
20,97	5,08
21,00	5,08
21,02	5,10
21,05	5,02
21,07	5,00
21,09	4,99
21,12	4,96
21,14	5,01
21,17	4,95
21,19	5,01
21,22	5,03
21,24	5,06
21,26	5,03
21,29	5,03
21,31	5,01
21,34	5,00
21,36	4,98
21,39	4,95
21,41	4,94
21,44	4,92
21,46	4,89
21,48	4,87
21,51	4,82
21,53	4,78
21,56	4,69
21,58	4,61
21,61	4,54
21,63	4,46
21,66	4,38
21,68	4,29
21,70	4,24
21,73	4,18
21,75	4,12
21,78	4,03
21,80	3,95
21,83	3,90
21,85	3,80
21,88	3,71
21,90	3,62
21,92	3,54
21,95	3,49
21,97	3,41
22,00	3,36
22,02	3,32
22,05	3,28
22,07	3,23
22,10	3,19
22,12	3,17
22,14	3,12
22,17	3,09
22,19	3,05
22,22	3,04
22,24	3,02
22,27	2,98
22,29	2,98
22,31	2,96
22,34	2,96
22,36	2,94
22,39	2,93
22,41	2,94
22,44	2,92
22,46	2,90
22,49	2,89
22,51	2,92
22,53	2,90
22,56	2,92
22,58	2,90
22,61	2,93
22,63	2,96
22,66	2,93
22,68	2,94
22,71	2,93
22,73	2,93
22,75	2,93
22,78	2,90
22,80	2,94
22,83	2,98
22,85	3,01
22,88	3,04
22,90	3,08
22,93	3,12
22,95	3,13
22,97	3,14
23,00	3,13
23,02	3,16
23,05	3,17
23,07	3,18
23,10	3,24
23,12	3,29
23,15	3,34
23,17	3,35
23,19	3,39
23,22	3,44
23,24	3,43
23,27	3,45
23,29	3,45
23,32	3,50
23,34	3,54
23,36	3,56
23,39	3,62
23,41	3,68
23,44	3,75
23,46	3,76
23,49	3,78
23,51	3,80
23,54	3,82
23,56	3,85
23,58	3,85
23,61	3,90
23,63	3,95
23,66	4,02
23,68	4,08
23,71	4,13
23,73	4,20
23,76	4,20
23,78	4,22
23,80	4,23
23,83	4,27
23,85	4,29
23,88	4,31
23,90	4,38
23,93	4,44
23,95	4,52
23,98	4,56
24,00	4,61
24,02	4,68
24,05	4,69
24,07	4,72
24,10	4,73
24,12	4,79
24,15	4,82
24,17	4,85
24,20	4,93
24,22	4,99
24,24	5,07
24,27	5,10
24,29	5,16
24,32	5,21
24,34	5,24
24,37	5,26
24,39	5,26
24,42	5,34
24,44	5,40
24,46	5,43
24,49	5,50
24,51	5,56
24,54	5,66
24,56	5,68
24,59	5,72
24,61	5,76
24,63	5,80
24,66	5,85
24,68	5,86
24,71	5,95
24,73	6,01
24,76	6,10
24,78	6,15
24,81	6,22
24,83	6,31
24,85	6,33
24,88	6,36
24,90	6,39
24,93	6,45
24,95	6,50
24,98	6,53
25,00	6,63
25,03	6,71
25,05	6,80
25,07	6,83
25,10	6,89
25,12	6,94
25,15	6,97
25,17	6,99
25,20	6,98
25,22	7,06
25,25	7,11
25,27	7,14
25,29	7,21
25,32	7,27
25,34	7,35
25,37	7,35
25,39	7,37
25,42	7,40
25,44	7,39
25,47	7,39
25,49	7,36
25,51	7,42
25,54	7,46
25,56	7,44
25,59	7,52
25,61	7,51
25,64	7,58
25,66	7,58
25,68	7,56
25,71	7,59
25,73	7,59
25,76	7,61
25,78	7,60
25,81	7,64
25,83	7,66
25,86	7,68
25,88	7,70
25,90	7,71
25,93	7,73
25,95	7,71
25,98	7,69
26,00	7,68
26,03	7,68
26,05	7,67
26,08	7,65
26,10	7,65
26,12	7,65
26,15	7,67
26,17	7,63
26,20	7,60
26,22	7,58
26,25	7,53
26,27	7,49
26,30	7,42
26,32	7,38
26,34	7,32
26,37	7,25
26,39	7,19
26,42	7,11
26,44	7,04
26,47	6,92
26,49	6,82
26,52	6,72
26,54	6,62
26,56	6,52
26,59	6,41
26,61	6,35
26,64	6,27
26,66	6,17
26,69	6,09
26,71	5,96
26,73	5,87
26,76	5,74
26,78	5,63
26,81	5,54
26,83	5,44
26,86	5,32
26,88	5,28
26,91	5,24
26,93	5,18
26,95	5,16
26,98	5,08
27,00	5,05
27,03	5,02
27,05	4,92
27,08	4,86
27,10	4,77
27,13	4,73
27,15	4,68
27,17	4,64
27,20	4,64
27,22	4,63
27,25	4,64
27,27	4,61
27,30	4,59
27,32	4,59
27,35	4,56
27,37	4,53
27,39	4,48
27,42	4,49
27,44	4,48
27,47	4,47
27,49	4,49
27,52	4,50
27,54	4,54
27,57	4,52
27,59	4,52
27,61	4,56
27,64	4,56
27,66	4,56
27,69	4,55
27,71	4,59
27,74	4,63
27,76	4,68
27,78	4,70
27,81	4,73
27,83	4,79
27,86	4,79
27,88	4,81
27,91	4,81
27,93	4,83
27,96	4,85
27,98	4,87
28,00	4,94
28,03	5,00
28,05	5,06
28,08	5,11
28,10	5,15
28,13	5,21
28,15	5,21
28,18	5,22
28,20	5,24
28,22	5,29
28,25	5,32
28,27	5,36
28,30	5,44
28,32	5,52
28,35	5,63
28,37	5,65
28,40	5,70
28,42	5,76
28,44	5,78
28,47	5,81
28,49	5,83
28,52	5,89
28,54	5,95
28,57	6,00
28,59	6,09
28,62	6,17
28,64	6,27
28,66	6,30
28,69	6,35
28,71	6,38
28,74	6,42
28,76	6,46
28,79	6,47
28,81	6,57
28,84	6,63
28,86	6,72
28,88	6,80
28,91	6,87
28,93	6,97
28,96	7,00
28,98	7,03
29,01	7,06
29,03	7,12
29,05	7,16
29,08	7,21
29,10	7,30
29,13	7,39
29,15	7,49
29,18	7,55
29,20	7,64
29,23	7,73
29,25	7,77
29,27	7,82
29,30	7,86
29,32	7,95
29,35	8,01
29,37	8,07
29,40	8,17
29,42	8,26
29,45	8,38
29,47	8,41
29,49	8,49
29,52	8,57
29,54	8,62
29,57	8,69
29,59	8,72
29,62	8,83
29,64	8,91
29,67	9,00
29,69	9,07
29,71	9,16
29,74	9,27
29,76	9,30
29,79	9,36
29,81	9,42
29,84	9,45
29,86	9,57
29,89	9,59
29,91	9,69
29,93	9,82
29,96	9,87
29,98	9,98
30,01	10,07
30,03	10,13
30,06	10,18
30,08	10,24
30,10	10,29
30,13	10,37
30,15	10,44
30,18	10,49
30,20	10,59
30,23	10,66
30,25	10,73
30,28	10,78
30,30	10,81
30,32	10,85
30,35	10,87
30,37	10,88
30,40	10,89
30,42	10,94
30,45	10,97
30,47	11,01
30,50	11,06
30,52	11,09
30,54	11,16
30,57	11,18
30,59	11,19
30,62	11,21
30,64	11,22
30,67	11,24
30,69	11,23
30,72	11,27
30,74	11,30
30,76	11,33
30,79	11,35
30,81	11,37
30,84	11,41
30,86	11,40
30,89	11,39
30,91	11,35
30,94	11,35
30,96	11,34
30,98	11,30
31,01	11,31
31,03	11,30
31,06	11,29
31,08	11,26
31,11	11,22
31,13	11,18
31,15	11,09
31,18	11,02
31,20	10,92
31,23	10,85
31,25	10,71
31,28	10,67
31,30	10,59
31,33	10,52
31,35	10,48
31,37	10,30
31,40	10,25
31,42	10,15
31,45	9,98
31,47	9,84
31,50	9,66
31,52	9,58
31,55	9,50
31,57	9,37
31,59	9,31
31,62	9,22
31,64	9,18
31,67	9,03
31,69	8,90
31,72	8,79
31,74	8,65
31,77	8,53
31,79	8,39
31,81	8,34
31,84	8,29
31,86	8,22
31,89	8,17
31,91	8,09
31,94	8,08
31,96	7,94
31,99	7,85
32,01	7,75
32,03	7,65
32,06	7,59
32,08	7,48
32,11	7,46
32,13	7,44
32,16	7,42
32,18	7,37
32,20	7,34
32,23	7,32
32,25	7,24
32,28	7,19
32,30	7,11
32,33	7,09
32,35	7,06
32,38	7,02
32,40	7,05
32,42	7,06
32,45	7,08
32,47	7,06
32,50	7,05
32,52	7,07
32,55	7,02
32,57	7,01
32,60	6,98
32,62	7,00
32,64	7,02
32,67	7,03
32,69	7,06
32,72	7,10
32,74	7,17
32,77	7,16
32,79	7,18
32,82	7,20
32,84	7,22
32,86	7,24
32,89	7,23
32,91	7,29
32,94	7,34
32,96	7,39
32,99	7,44
33,01	7,50
33,04	7,57
33,06	7,59
33,08	7,61
33,11	7,63
33,13	7,68
33,16	7,73
33,18	7,74
33,21	7,83
33,23	7,89
33,26	7,98
33,28	8,04
33,30	8,11
33,33	8,19
33,35	8,21
33,38	8,25
33,40	8,29
33,43	8,36
33,45	8,41
33,47	8,47
33,50	8,56
33,52	8,66
33,55	8,77
33,57	8,82
33,60	8,90
33,62	8,99
33,65	9,02
33,67	9,07
33,69	9,09
33,72	9,19
33,74	9,27
33,77	9,34
33,79	9,43
33,82	9,54
33,84	9,67
33,87	9,73
33,89	9,80
33,91	9,86
33,94	9,94
33,96	10,00
33,99	10,03
34,01	10,14
34,04	10,23
34,06	10,34
34,09	10,43
34,11	10,51
34,13	10,65
34,16	10,69
34,18	10,76
34,21	10,87
34,23	10,92
34,26	11,06
34,28	11,10
34,31	11,22
34,33	11,35
34,35	11,45
34,38	11,53
34,40	11,63
34,43	11,72
34,45	11,80
34,48	11,91
34,50	12,00
34,52	12,13
34,55	12,23
34,57	12,31
34,60	12,44
34,62	12,54
34,65	12,64
34,67	12,71
34,70	12,80
34,72	12,88
34,74	12,97
34,77	13,06
34,79	13,15
34,82	13,26
34,84	13,37
34,87	13,48
34,89	13,57
34,92	13,67
34,94	13,77
34,96	13,84
34,99	13,91
35,01	13,97
35,04	14,04
35,06	14,13
35,09	14,19
35,11	14,30
35,14	14,39
35,16	14,49
35,18	14,58
35,21	14,66
35,23	14,75
35,26	14,79
35,28	14,84
35,31	14,88
35,33	14,97
35,36	15,01
35,38	15,06
35,40	15,16
35,43	15,23
35,45	15,31
35,48	15,35
35,50	15,40
35,53	15,45
35,55	15,47
35,57	15,49
35,60	15,53
35,62	15,64
35,65	15,61
35,67	15,70
35,70	15,72
35,72	15,80
35,75	15,86
35,77	15,79
35,79	15,79
35,82	15,80
35,84	15,77
35,87	15,74
35,89	15,65
35,92	15,70
35,94	15,70
35,97	15,70
35,99	15,69
36,01	15,66
36,04	15,67
36,06	15,57
36,09	15,48
36,11	15,35
36,14	15,27
36,16	15,18
36,19	15,05
36,21	15,03
36,23	14,97
36,26	14,94
36,28	14,87
36,31	14,77
36,33	14,72
36,36	14,55
36,38	14,40
36,41	14,23
36,43	14,13
36,45	14,03
36,48	13,91
36,50	13,85
36,53	13,79
36,55	13,75
36,58	13,62
36,60	13,51
36,62	13,41
36,65	13,23
36,67	13,09
36,70	12,90
36,72	12,83
36,75	12,75
36,77	12,63
36,80	12,59
36,82	12,51
36,84	12,46
36,87	12,32
36,89	12,19
36,92	12,10
36,94	11,95
36,97	11,83
36,99	11,68
37,02	11,63
37,04	11,58
37,06	11,53
37,09	11,47
37,11	11,41
37,14	11,39
37,16	11,27
37,19	11,20
37,21	11,11
37,24	11,02
37,26	10,96
37,28	10,86
37,31	10,85
37,33	10,83
37,36	10,82
37,38	10,79
37,41	10,78
37,43	10,79
37,46	10,72
37,48	10,68
37,50	10,61
37,53	10,62
37,55	10,60
37,58	10,55
37,60	10,59
37,63	10,59
37,65	10,65
37,68	10,63
37,70	10,62
37,72	10,65
37,75	10,62
37,77	10,61
37,80	10,60
37,82	10,65
37,85	10,69
37,87	10,70
37,89	10,77
37,92	10,83
37,94	10,91
37,97	10,91
37,99	10,93
38,02	10,96
38,04	10,98
38,07	10,99
38,09	10,98
38,11	11,07
38,14	11,16
38,16	11,25
38,19	11,34
38,21	11,42
38,24	11,53
38,26	11,57
38,29	11,61
38,31	11,62
38,33	11,68
38,36	11,73
38,38	11,75
38,41	11,87
38,43	11,96
38,46	12,09
38,48	12,18
38,51	12,28
38,53	12,41
38,55	12,47
38,58	12,55
38,60	12,58
38,63	12,69
38,65	12,77
38,68	12,85
38,70	12,98
38,73	13,10
38,75	13,24
38,77	13,32
38,80	13,43
38,82	13,55
38,85	13,62
38,87	13,70
38,90	13,74
38,92	13,88
38,94	13,99
38,97	14,09
38,99	14,23
39,02	14,36
39,04	14,51
39,07	14,60
39,09	14,70
39,12	14,80
39,14	14,91
39,16	15,00
39,19	15,08
39,21	15,24
39,24	15,36
39,26	15,53
39,29	15,64
39,31	15,78
39,34	15,95
39,36	16,00
39,38	16,12
39,41	16,26
39,43	16,32
39,46	16,52
39,48	16,57
39,51	16,74
39,53	16,91
39,56	17,02
39,58	17,14
39,60	17,26
39,63	17,39
39,65	17,49
39,68	17,59
39,70	17,71
39,73	17,89
39,75	18,02
39,78	18,16
39,80	18,33
39,82	18,45
39,85	18,60
39,87	18,68
39,90	18,77
39,92	18,89
39,95	18,97
39,97	19,06
39,99	19,18
40,02	19,40
40,04	19,48
40,07	19,71
40,09	19,77
40,12	20,00
40,14	20,14
40,17	20,16
40,19	20,24
40,21	20,28
40,24	20,38
40,26	20,47
40,29	20,49
40,31	20,68
40,34	20,81
40,36	21,01
40,39	21,14
40,41	21,26
40,43	21,42
40,46	21,43
40,48	21,47
40,51	21,47
40,53	21,55
40,56	21,59
40,58	21,61
40,61	21,75
40,63	21,86
40,65	22,02
40,68	22,04
40,70	22,11
40,73	22,20
40,75	22,15
40,78	22,15
40,80	22,08
40,83	22,17
40,85	22,20
40,87	22,21
40,90	22,28
40,92	22,36
40,95	22,46
40,97	22,39
41,00	22,35
41,02	22,34
41,05	22,26
41,07	22,18
41,09	22,05
41,12	22,12
41,14	22,11
41,17	22,13
41,19	22,12
41,22	22,12
41,24	22,16
41,26	21,98
41,29	21,85
41,31	21,70
41,34	21,61
41,36	21,50
41,39	21,34
41,41	21,38
41,44	21,36
41,46	21,41
41,48	21,33
41,51	21,27
41,53	21,26
41,56	21,03
41,58	20,86
41,61	20,65
41,63	20,58
41,66	20,47
41,68	20,32
41,70	20,30
41,73	20,29
41,75	20,34
41,78	20,18
41,80	20,10
41,83	20,04
41,85	19,83
41,88	19,67
41,90	19,43
41,92	19,43
41,95	19,35
41,97	19,23
42,00	19,20
42,02	19,16
42,05	19,21
42,07	19,04
42,10	18,90
42,12	18,82
42,14	18,69
42,17	18,57
42,19	18,39
42,22	18,44
42,24	18,42
42,27	18,43
42,29	18,39
42,31	18,41
42,34	18,47
42,36	18,31
42,39	18,22
42,41	18,11
42,44	18,08
42,46	18,04
42,49	17,91
42,51	18,03
42,53	18,07
42,56	18,21
42,58	18,21
42,61	18,25
42,63	18,32
42,66	18,21
42,68	18,16
42,71	18,07
42,73	18,18
42,75	18,18
42,78	18,19
42,80	18,33
42,83	18,45
42,85	18,68
42,88	18,64
42,90	18,77
42,93	18,86
42,95	18,79
42,97	18,79
43,00	18,69
43,02	19,02
43,05	19,13
43,07	19,35
43,10	19,51
43,12	19,80
43,15	20,09
43,17	20,10
43,19	24,11
43,22	28,75
43,24	32,62
43,27	37,16
43,29	41,19
43,32	45,47
43,34	49,99
43,36	49,99
43,39	49,99
43,41	49,99
43,44	49,99
43,46	49,99
43,49	49,99
43,51	49,99
43,54	49,99
43,56	49,99
43,58	49,99
43,61	49,99
43,63	49,99
43,66	49,99
43,68	49,99
43,71	49,99
43,73	49,99
43,76	49,99
43,78	49,99
43,80	49,99
43,83	49,99
43,85	49,99
43,88	49,99
43,90	49,99
43,93	49,99
43,95	49,99
43,98	49,99
44,00	49,99
44,02	49,99
44,05	49,99
44,07	49,99
44,10	49,99
44,12	49,99
44,15	49,99
44,17	49,99
44,20	49,99
44,22	49,99
44,24	49,99
44,27	49,99
44,29	49,99
44,32	49,99
44,34	49,99
44,37	49,99
44,39	49,99
44,41	49,99
44,44	49,99
44,46	49,99
44,49	49,99
44,51	49,99
44,54	49,99
44,56	49,99
44,59	49,99
44,61	49,99
44,63	49,99
44,66	49,99
44,68	49,99
44,71	49,99
44,73	49,99
44,76	49,99
44,78	49,99
44,81	50,00
44,83	50,00
44,85	49,99
44,88	49,99
44,90	49,99
44,93	49,99
44,95	49,99
44,98	49,99
45,00	49,99
45,03	49,99
45,05	49,99
45,07	49,99
45,10	49,99
45,12	49,99
45,15	49,99
45,17	49,99
45,20	49,99
45,22	49,99
45,25	49,99
45,27	49,99
45,29	49,99
45,32	49,99
45,34	49,99
45,37	49,99
45,39	49,99
45,42	49,99
45,44	49,99
45,47	49,99
45,49	49,99
45,51	49,99
45,54	49,99
45,56	49,99
45,59	49,99
45,61	49,99
45,64	49,99
45,66	49,99
45,68	49,99
45,71	49,99
45,73	49,99
45,76	49,99
45,78	49,99
45,81	49,99
45,83	49,99
45,86	49,99
45,88	49,99
45,90	49,99
45,93	49,99
45,95	49,99
45,98	49,99
46,00	49,99
46,03	49,99
46,05	49,99
46,08	49,99
46,10	49,99
46,12	49,99
46,15	49,99
46,17	49,99
46,20	49,99
46,22	49,99
46,25	49,99
46,27	49,99
46,30	49,99
46,32	49,99
46,34	49,99
46,37	49,99
46,39	49,99
46,42	49,99
46,44	49,99
46,47	49,99
46,49	49,99
46,52	49,99
46,54	49,99
46,56	49,99
46,59	49,99
46,61	49,99
46,64	49,99
46,66	49,99
46,69	49,99
46,71	49,99
46,73	49,99
46,76	49,99
46,78	49,99
46,81	49,99
46,83	49,99
46,86	49,99
46,88	49,99
46,91	49,99
46,93	49,99
46,95	49,99
46,98	49,99
47,00	49,99
47,03	49,99
47,05	49,99
47,08	49,99
47,10	49,99
47,13	49,99
47,15	49,99
47,17	49,99
47,20	49,99
47,22	49,99
47,25	49,99
47,27	49,99
47,30	49,99
47,32	49,99
47,35	50,00
47,37	50,00
47,39	49,99
47,42	49,99
47,44	49,99
47,47	49,99
47,49	49,99
47,52	49,99
47,54	49,99
47,57	49,99
47,59	49,99
47,61	49,99
47,64	49,99
47,66	49,99
47,69	49,99
47,71	49,99
47,74	49,99
47,76	49,99
47,78	49,99
47,81	49,99
47,83	49,99
47,86	49,99
47,88	49,99
47,91	49,99
47,93	49,99
47,96	49,99
47,98	49,99
48,00	49,99
48,03	49,99
48,05	49,99
48,08	49,99
48,10	49,99
48,13	49,99
48,15	49,99
48,18	49,99
48,20	49,99
48,22	49,99
48,25	49,99
48,27	49,99
48,30	49,99
48,32	49,99
48,35	49,99
48,37	49,99
48,40	49,99
48,42	49,99
48,44	49,99
48,47	49,99
48,49	49,99
48,52	49,99
48,54	49,99
48,57	49,99
48,59	49,99
48,62	49,99
48,64	49,99
48,66	49,99
48,69	49,99
48,71	49,99
48,74	49,99
48,76	49,99
48,79	49,99
48,81	49,99
48,84	49,99
48,86	49,99
48,88	49,99
48,91	49,99
48,93	49,99
48,96	49,99
48,98	49,99
49,01	49,99
49,03	49,99
49,05	49,99
49,08	49,99
49,10	49,99
49,13	49,99
49,15	49,99
49,18	49,99
49,20	49,99
49,23	49,99
49,25	49,99
49,27	49,99
49,30	49,99
49,32	49,99
49,35	49,99
49,37	49,99
49,40	49,99
49,42	49,99
49,45	49,99
49,47	49,99
49,49	49,99
49,52	49,99
49,54	49,99
49,57	49,99
49,59	49,99
49,62	49,99
49,64	49,99
49,67	49,99
49,69	49,99
49,71	49,99
49,74	49,99
49,76	49,99
49,79	49,99
49,81	49,99
49,84	49,99
49,86	49,99
49,89	49,99
49,91	49,99
49,93	49,99
49,96	49,99
49,98	49,99
50,01	49,99
50,03	49,99
50,06	49,99
50,08	49,99
50,10	49,99
50,13	49,99
50,15	49,99
50,18	49,99
50,20	49,99
50,23	49,99
50,25	49,99
50,28	49,99
50,30	49,99
50,32	49,99
50,35	49,99
50,37	49,99
50,40	49,99
50,42	49,99
50,45	49,99
50,47	49,99
50,50	49,99
50,52	49,99
50,54	49,99
50,57	49,99
50,59	49,99
50,62	49,99
50,64	49,99
50,67	49,99
50,69	49,99
50,72	49,99
50,74	49,99
50,76	49,99
50,79	49,99
50,81	49,99
50,84	49,99
50,86	49,99
50,89	49,99
50,91	49,99
50,94	49,99
50,96	49,99
50,98	49,99
51,01	49,99
51,03	49,99
51,06	49,99
51,08	49,99
51,11	49,99
51,13	49,99
51,15	49,99
51,18	49,99
51,20	50,00
51,23	50,00
51,25	49,99
51,28	49,99
51,30	49,99
51,33	49,99
51,35	49,99
51,37	49,99
51,40	49,99
51,42	49,99
51,45	49,99
51,47	49,99
51,50	49,99
51,52	49,99
51,55	49,99
51,57	49,99
51,59	49,99
51,62	49,99
51,64	49,99
51,67	49,99
51,69	49,99
51,72	49,99
51,74	49,99
51,77	49,99
51,79	49,99
51,81	49,99
51,84	49,99
51,86	49,99
51,89	49,99
51,91	49,99
51,94	49,99
51,96	49,99
51,99	49,99
52,01	49,99
52,03	49,99
52,06	49,99
52,08	49,99
52,11	49,99
52,13	49,99
52,16	49,99
52,18	49,99
52,20	49,99
52,23	49,99
52,25	49,99
52,28	49,99
52,30	49,99
52,33	49,99
52,35	49,99
52,38	49,99
52,40	49,99
52,42	49,99
52,45	49,99
52,47	49,99
52,50	49,99
52,52	49,99
52,55	49,99
52,57	49,99
52,60	49,99
52,62	49,99
52,64	49,99
52,67	49,99
52,69	49,99
52,72	49,99
52,74	49,99
52,77	49,99
52,79	49,99
52,82	50,00
52,84	49,99
52,86	49,99
52,89	49,99
52,91	49,99
52,94	49,99
52,96	49,99
52,99	49,99
53,01	49,99
53,04	49,99
53,06	49,99
53,08	49,99
53,11	49,99
53,13	49,99
53,16	49,99
53,18	49,99
53,21	49,99
53,23	49,99
53,26	49,99
53,28	49,99
53,30	49,99
53,33	49,99
53,35	49,99
53,38	49,99
53,40	49,99
53,43	49,99
53,45	49,99
53,47	49,99
53,50	49,99
53,52	49,99
53,55	49,99
53,57	49,99
53,60	49,99
53,62	49,99
53,65	49,99
53,67	49,99
53,69	49,99
53,72	49,99
53,74	49,99
53,77	49,99
53,79	49,99
53,82	49,99
53,84	49,99
53,87	49,99
53,89	49,99
53,91	49,99
53,94	49,99
53,96	49,99
53,99	49,99
54,01	49,99
54,04	49,99
54,06	49,99
54,09	49,99
54,11	49,99
54,13	49,99
54,16	49,99
54,18	49,99
54,21	49,99
54,23	49,99
54,26	49,99
54,28	49,99
54,31	49,99
54,33	49,99
54,35	49,99
54,38	49,99
54,40	49,99
54,43	49,99
54,45	49,99
54,48	49,99
54,50	49,99
54,52	49,99
54,55	49,99
54,57	49,99
54,60	49,99
54,62	49,99
54,65	49,99
54,67	49,99
54,70	49,99
54,72	49,99
54,74	49,99
54,77	49,99
54,79	49,99
54,82	49,99
54,84	49,99
54,87	49,99
54,89	49,99
54,92	49,99
54,94	49,99
54,96	49,99
54,99	49,99
55,01	49,99
55,04	49,99
55,06	49,99
55,09	49,99
55,11	49,99
55,14	49,99
55,16	49,99
55,18	49,99
55,21	49,99
55,23	49,99
55,26	49,99
55,28	49,99
55,31	49,99
55,33	49,99
55,36	50,00
55,38	50,00
55,40	50,00
55,43	49,99
55,45	49,99
55,48	49,99
55,50	49,99
55,53	49,99
55,55	49,99
55,57	49,99
55,60	49,99
55,62	49,99
55,65	49,99
55,67	49,99
55,70	49,99
55,72	49,99
55,75	49,99
55,77	49,99
55,79	49,99
55,82	49,99
55,84	49,99
55,87	49,99
55,89	49,99
55,92	49,99
55,94	49,99
55,97	49,99
55,99	49,99
56,01	49,99
56,04	49,99
56,06	49,99
56,09	49,99
56,11	49,99
56,14	49,99
56,16	49,99
56,19	49,99
56,21	49,99
56,23	49,99
56,26	49,99
56,28	49,99
56,31	49,99
56,33	49,99
56,36	49,99
56,38	49,99
56,41	49,99
56,43	49,99
56,45	49,99
56,48	49,99
56,50	49,99
56,53	49,99
56,55	49,99
56,58	49,99
56,60	49,99
56,62	49,99
56,65	49,99
56,67	49,99
56,70	49,99
56,72	49,99
56,75	49,99
56,77	49,99
56,80	49,99
56,82	49,99
56,84	49,99
56,87	49,99
56,89	49,99
56,92	49,99
56,94	49,99
56,97	49,99
56,99	49,99
57,02	49,99
57,04	49,99
57,06	49,99
57,09	49,99
57,11	49,99
57,14	49,99
57,16	49,99
57,19	49,99
57,21	49,99
57,24	49,99
57,26	49,99
57,28	49,99
57,31	49,99
57,33	49,99
57,36	49,99
57,38	49,99
57,41	49,99
57,43	49,99
57,46	49,99
57,48	49,99
57,50	49,99
57,53	49,99
57,55	49,99
57,58	49,99
57,60	49,99
57,63	49,99
57,65	49,99
57,68	49,99
57,70	49,99
57,72	49,99
57,75	49,99
57,77	49,99
57,80	49,99
57,82	49,99
57,85	49,99
57,87	49,99
57,89	49,99
57,92	49,99
57,94	49,99
57,97	49,99
57,99	49,99
58,02	49,99
58,04	49,99
58,07	49,99
58,09	49,99
58,11	49,99
58,14	49,99
58,16	49,99
58,19	49,99
58,21	49,99
58,24	49,99
58,26	49,99
58,29	49,99
58,31	49,99
58,33	49,99
58,36	49,99
58,38	49,99
58,41	49,99
58,43	49,99
58,46	49,99
58,48	49,99
58,51	49,99
58,53	49,99
58,55	49,99
58,58	49,99
58,60	49,99
58,63	49,99
58,65	49,99
58,68	49,99
58,70	49,99
58,73	49,99
58,75	49,99
58,77	49,99
58,80	49,99
58,82	49,99
58,85	49,99
58,87	49,99
58,90	49,99
58,92	49,99
58,94	49,99
58,97	49,99
58,99	49,99
59,02	49,99
59,04	49,99
59,07	49,99
59,09	49,99
59,12	49,99
59,14	49,99
59,16	49,99
59,19	49,99
59,21	49,99
59,24	49,99
59,26	49,99
59,29	49,99
59,31	49,99
59,34	49,99
59,36	49,99
59,38	49,99
59,41	49,99
59,43	49,99
59,46	49,99
59,48	49,99
59,51	49,99
59,53	49,99
59,56	49,99
59,58	49,99
59,60	49,99
59,63	49,99
59,65	49,99
59,68	49,99
59,70	49,99
59,73	49,99
59,75	49,99
59,78	49,99
59,80	49,99
59,82	49,99
59,85	49,99
59,87	49,99
59,90	49,99
59,92	49,99
59,95	49,99
59,97	49,99
59,99	49,99
