Voltage U1	Corriente IA
U1/V	IA/nA

0,02	0,05
0,04	0,05
0,07	0,05
0,09	0,07
0,12	0,07
0,14	0,07
0,17	0,07
0,19	0,08
0,21	0,08
0,24	0,08
0,26	0,07
0,29	0,07
0,31	0,07
0,34	0,07
0,36	0,04
0,39	0,05
0,41	0,05
0,43	0,06
0,46	0,06
0,48	0,06
0,51	0,06
0,53	0,06
0,56	0,06
0,58	0,05
0,61	0,06
0,63	0,06
0,65	0,06
0,68	0,06
0,70	0,06
0,73	0,08
0,75	0,08
0,78	0,08
0,80	0,08
0,83	0,06
0,85	0,06
0,87	0,06
0,90	0,06
0,92	0,06
0,95	0,06
0,97	0,06
1,00	0,09
1,02	0,09
1,05	0,09
1,07	0,09
1,09	0,09
1,12	0,08
1,14	0,08
1,17	0,05
1,19	0,07
1,22	0,07
1,24	0,06
1,26	0,06
1,29	0,05
1,31	0,05
1,34	0,05
1,36	0,03
1,39	0,03
1,41	0,02
1,44	0,02
1,46	0,03
1,48	0,03
1,51	0,03
1,53	0,04
1,56	0,05
1,58	0,05
1,61	0,05
1,63	0,04
1,66	0,04
1,68	0,04
1,70	0,04
1,73	0,04
1,75	0,03
1,78	0,03
1,80	0,03
1,83	0,04
1,85	0,05
1,88	0,05
1,90	0,05
1,92	0,05
1,95	0,05
1,97	0,05
2,00	0,06
2,02	0,06
2,05	0,05
2,07	0,05
2,10	0,04
2,12	0,04
2,14	0,04
2,17	0,04
2,19	0,04
2,22	0,03
2,24	0,03
2,27	0,03
2,29	0,04
2,31	0,04
2,34	0,04
2,36	0,04
2,39	0,04
2,41	0,04
2,44	0,04
2,46	0,04
2,49	0,04
2,51	0,04
2,53	0,04
2,56	0,04
2,58	0,05
2,61	0,05
2,63	0,06
2,66	0,06
2,68	0,06
2,71	0,06
2,73	0,05
2,75	0,04
2,78	0,04
2,80	0,04
2,83	0,04
2,85	0,04
2,88	0,04
2,90	0,04
2,93	0,04
2,95	0,04
2,97	0,05
3,00	0,05
3,02	0,04
3,05	0,04
3,07	0,04
3,10	0,04
3,12	0,04
3,15	0,04
3,17	0,04
3,19	0,05
3,22	0,05
3,24	0,05
3,27	0,05
3,29	0,05
3,32	0,05
3,34	0,05
3,36	0,03
3,39	0,04
3,41	0,04
3,44	0,04
3,46	0,04
3,49	0,04
3,51	0,04
3,54	0,04
3,56	0,04
3,58	0,04
3,61	0,04
3,63	0,04
3,66	0,04
3,68	0,04
3,71	0,04
3,73	0,06
3,76	0,06
3,78	0,08
3,80	0,08
3,83	0,07
3,85	0,07
3,88	0,07
3,90	0,07
3,93	0,07
3,95	0,06
3,98	0,06
4,00	0,07
4,02	0,08
4,05	0,08
4,07	0,07
4,10	0,07
4,12	0,08
4,15	0,08
4,17	0,07
4,20	0,09
4,22	0,09
4,24	0,10
4,27	0,10
4,29	0,10
4,32	0,10
4,34	0,09
4,37	0,08
4,39	0,08
4,42	0,07
4,44	0,07
4,46	0,07
4,49	0,08
4,51	0,08
4,54	0,09
4,56	0,09
4,59	0,10
4,61	0,10
4,63	0,08
4,66	0,08
4,68	0,08
4,71	0,09
4,73	0,09
4,76	0,09
4,78	0,09
4,81	0,09
4,83	0,10
4,85	0,10
4,88	0,09
4,90	0,09
4,93	0,08
4,95	0,08
4,98	0,08
5,00	0,09
5,03	0,09
5,05	0,09
5,07	0,09
5,10	0,10
5,12	0,10
5,15	0,10
5,17	0,09
5,20	0,09
5,22	0,10
5,25	0,10
5,27	0,08
5,29	0,09
5,32	0,09
5,34	0,09
5,37	0,09
5,39	0,07
5,42	0,07
5,44	0,07
5,47	0,06
5,49	0,06
5,51	0,06
5,54	0,06
5,56	0,05
5,59	0,05
5,61	0,06
5,64	0,06
5,66	0,06
5,68	0,07
5,71	0,07
5,73	0,06
5,76	0,06
5,78	0,05
5,81	0,05
5,83	0,05
5,86	0,06
5,88	0,06
5,90	0,07
5,93	0,09
5,95	0,09
5,98	0,10
6,00	0,10
6,03	0,09
6,05	0,09
6,08	0,08
6,10	0,07
6,12	0,07
6,15	0,07
6,17	0,07
6,20	0,08
6,22	0,09
6,25	0,08
6,27	0,08
6,30	0,08
6,32	0,08
6,34	0,08
6,37	0,07
6,39	0,09
6,42	0,09
6,44	0,10
6,47	0,10
6,49	0,08
6,52	0,09
6,54	0,08
6,56	0,06
6,59	0,06
6,61	0,06
6,64	0,06
6,66	0,08
6,69	0,09
6,71	0,10
6,73	0,11
6,76	0,11
6,78	0,12
6,81	0,12
6,83	0,10
6,86	0,10
6,88	0,08
6,91	0,09
6,93	0,09
6,95	0,09
6,98	0,10
7,00	0,11
7,03	0,12
7,05	0,13
7,08	0,12
7,10	0,12
7,13	0,14
7,15	0,12
7,17	0,12
7,20	0,12
7,22	0,11
7,25	0,12
7,27	0,12
7,30	0,11
7,32	0,13
7,35	0,11
7,37	0,11
7,39	0,13
7,42	0,12
7,44	0,13
7,47	0,12
7,49	0,12
7,52	0,13
7,54	0,14
7,57	0,13
7,59	0,13
7,61	0,13
7,64	0,13
7,66	0,13
7,69	0,13
7,71	0,13
7,74	0,13
7,76	0,13
7,78	0,15
7,81	0,15
7,83	0,15
7,86	0,16
7,88	0,16
7,91	0,17
7,93	0,17
7,96	0,15
7,98	0,15
8,00	0,16
8,03	0,15
8,05	0,15
8,08	0,15
8,10	0,15
8,13	0,18
8,15	0,16
8,18	0,17
8,20	0,16
8,22	0,17
8,25	0,17
8,27	0,16
8,30	0,17
8,32	0,17
8,35	0,18
8,37	0,18
8,40	0,19
8,42	0,21
8,44	0,20
8,47	0,20
8,49	0,19
8,52	0,19
8,54	0,19
8,57	0,17
8,59	0,20
8,62	0,20
8,64	0,22
8,66	0,22
8,69	0,20
8,71	0,20
8,74	0,19
8,76	0,17
8,79	0,17
8,81	0,17
8,84	0,17
8,86	0,20
8,88	0,22
8,91	0,23
8,93	0,25
8,96	0,23
8,98	0,23
9,01	0,23
9,03	0,19
9,05	0,19
9,08	0,17
9,10	0,18
9,13	0,19
9,15	0,20
9,18	0,20
9,20	0,23
9,23	0,24
9,25	0,23
9,27	0,22
9,30	0,21
9,32	0,21
9,35	0,21
9,37	0,19
9,40	0,21
9,42	0,21
9,45	0,23
9,47	0,23
9,49	0,24
9,52	0,25
9,54	0,23
9,57	0,22
9,59	0,22
9,62	0,22
9,64	0,22
9,67	0,21
9,69	0,22
9,71	0,25
9,74	0,27
9,76	0,25
9,79	0,26
9,81	0,26
9,84	0,25
9,86	0,25
9,89	0,23
9,91	0,24
9,93	0,24
9,96	0,25
9,98	0,28
10,01	0,27
10,03	0,28
10,06	0,29
10,08	0,28
10,10	0,30
10,13	0,27
10,15	0,27
10,18	0,27
10,20	0,27
10,23	0,28
10,25	0,29
10,28	0,28
10,30	0,29
10,32	0,32
10,35	0,31
10,37	0,32
10,40	0,32
10,42	0,32
10,45	0,33
10,47	0,33
10,50	0,33
10,52	0,34
10,54	0,33
10,57	0,33
10,59	0,34
10,62	0,35
10,64	0,35
10,67	0,34
10,69	0,33
10,72	0,35
10,74	0,35
10,76	0,35
10,79	0,35
10,81	0,35
10,84	0,37
10,86	0,36
10,89	0,37
10,91	0,37
10,94	0,37
10,96	0,37
10,98	0,37
11,01	0,36
11,03	0,38
11,06	0,39
11,08	0,40
11,11	0,40
11,13	0,41
11,15	0,40
11,18	0,42
11,20	0,42
11,23	0,40
11,25	0,41
11,28	0,40
11,30	0,41
11,33	0,42
11,35	0,43
11,37	0,43
11,40	0,44
11,42	0,45
11,45	0,45
11,47	0,45
11,50	0,44
11,52	0,44
11,55	0,43
11,57	0,43
11,59	0,43
11,62	0,44
11,64	0,45
11,67	0,44
11,69	0,45
11,72	0,47
11,74	0,45
11,77	0,46
11,79	0,47
11,81	0,47
11,84	0,48
11,86	0,48
11,89	0,49
11,91	0,51
11,94	0,52
11,96	0,50
11,99	0,50
12,01	0,50
12,03	0,49
12,06	0,50
12,08	0,50
12,11	0,51
12,13	0,51
12,16	0,52
12,18	0,54
12,21	0,55
12,23	0,55
12,25	0,54
12,28	0,54
12,30	0,54
12,33	0,54
12,35	0,53
12,38	0,53
12,40	0,54
12,42	0,55
12,45	0,57
12,47	0,55
12,50	0,57
12,52	0,57
12,55	0,54
12,57	0,54
12,60	0,52
12,62	0,52
12,64	0,52
12,67	0,49
12,69	0,51
12,72	0,53
12,74	0,54
12,77	0,53
12,79	0,54
12,82	0,55
12,84	0,55
12,86	0,54
12,89	0,52
12,91	0,55
12,94	0,54
12,96	0,53
12,99	0,54
13,01	0,54
13,04	0,57
13,06	0,55
13,08	0,54
13,11	0,54
13,13	0,53
13,16	0,52
13,18	0,52
13,21	0,52
13,23	0,53
13,26	0,54
13,28	0,55
13,30	0,56
13,33	0,58
13,35	0,55
13,38	0,55
13,40	0,53
13,43	0,53
13,45	0,53
13,47	0,50
13,50	0,53
13,52	0,55
13,55	0,57
13,57	0,58
13,60	0,58
13,62	0,60
13,65	0,59
13,67	0,57
13,69	0,55
13,72	0,54
13,74	0,53
13,77	0,53
13,79	0,54
13,82	0,55
13,84	0,57
13,87	0,56
13,89	0,56
13,91	0,58
13,94	0,56
13,96	0,56
13,99	0,53
14,01	0,55
14,04	0,56
14,06	0,56
14,09	0,56
14,11	0,57
14,13	0,60
14,16	0,59
14,18	0,59
14,21	0,57
14,23	0,55
14,26	0,56
14,28	0,55
14,31	0,56
14,33	0,57
14,35	0,58
14,38	0,61
14,40	0,62
14,43	0,63
14,45	0,61
14,48	0,60
14,50	0,61
14,52	0,59
14,55	0,59
14,57	0,58
14,60	0,60
14,62	0,61
14,65	0,63
14,67	0,63
14,70	0,63
14,72	0,64
14,74	0,64
14,77	0,64
14,79	0,64
14,82	0,64
14,84	0,64
14,87	0,65
14,89	0,66
14,92	0,67
14,94	0,66
14,96	0,66
14,99	0,68
15,01	0,69
15,04	0,69
15,06	0,69
15,09	0,68
15,11	0,71
15,14	0,72
15,16	0,70
15,18	0,72
15,21	0,71
15,23	0,72
15,26	0,71
15,28	0,71
15,31	0,72
15,33	0,72
15,36	0,72
15,38	0,74
15,40	0,75
15,43	0,76
15,45	0,77
15,48	0,76
15,50	0,77
15,53	0,78
15,55	0,77
15,57	0,78
15,60	0,77
15,62	0,79
15,65	0,80
15,67	0,78
15,70	0,80
15,72	0,82
15,75	0,83
15,77	0,83
15,79	0,83
15,82	0,84
15,84	0,85
15,87	0,84
15,89	0,83
15,92	0,84
15,94	0,84
15,97	0,85
15,99	0,86
16,01	0,86
16,04	0,88
16,06	0,88
16,09	0,89
16,11	0,91
16,14	0,91
16,16	0,91
16,19	0,91
16,21	0,92
16,23	0,94
16,26	0,94
16,28	0,95
16,31	0,95
16,33	0,96
16,36	0,97
16,38	0,96
16,41	0,95
16,43	0,96
16,45	0,96
16,48	0,95
16,50	0,98
16,53	0,98
16,55	0,99
16,58	1,01
16,60	1,02
16,63	1,02
16,65	1,02
16,67	1,00
16,70	1,00
16,72	1,01
16,75	1,01
16,77	1,01
16,80	1,02
16,82	1,03
16,84	1,06
16,87	1,06
16,89	1,08
16,92	1,06
16,94	1,06
16,97	1,05
16,99	1,02
17,02	1,04
17,04	1,02
17,06	1,01
17,09	1,03
17,11	1,04
17,14	1,06
17,16	1,05
17,19	1,03
17,21	1,03
17,24	1,02
17,26	1,00
17,28	0,98
17,31	1,01
17,33	1,01
17,36	1,02
17,38	1,02
17,41	1,02
17,43	1,05
17,46	1,02
17,48	1,01
17,50	1,00
17,53	1,00
17,55	0,99
17,58	0,99
17,60	1,01
17,63	1,02
17,65	1,03
17,68	1,03
17,70	1,03
17,72	1,04
17,75	1,01
17,77	1,00
17,80	0,98
17,82	0,98
17,85	0,98
17,87	0,96
17,89	0,97
17,92	0,98
17,94	0,99
17,97	0,98
17,99	0,98
18,02	0,98
18,04	0,97
18,07	0,96
18,09	0,95
18,11	0,96
18,14	0,95
18,16	0,95
18,19	0,96
18,21	0,96
18,24	0,98
18,26	0,95
18,29	0,94
18,31	0,96
18,33	0,94
18,36	0,93
18,38	0,92
18,41	0,92
18,43	0,93
18,46	0,94
18,48	0,93
18,51	0,94
18,53	0,96
18,55	0,94
18,58	0,94
18,60	0,92
18,63	0,92
18,65	0,91
18,68	0,89
18,70	0,92
18,73	0,92
18,75	0,93
18,77	0,95
18,80	0,95
18,82	0,98
18,85	0,96
18,87	0,94
18,90	0,94
18,92	0,93
18,94	0,94
18,97	0,93
18,99	0,94
19,02	0,95
19,04	0,98
19,07	0,99
19,09	1,00
19,12	0,99
19,14	0,99
19,16	1,00
19,19	0,99
19,21	1,00
19,24	1,01
19,26	1,01
19,29	1,02
19,31	1,03
19,34	1,05
19,36	1,05
19,38	1,04
19,41	1,05
19,43	1,05
19,46	1,05
19,48	1,05
19,51	1,07
19,53	1,09
19,56	1,09
19,58	1,10
19,60	1,11
19,63	1,14
19,65	1,14
19,68	1,12
19,70	1,16
19,73	1,20
19,75	1,21
19,78	1,22
19,80	1,23
19,82	1,25
19,85	1,26
19,87	1,20
19,90	1,00
19,92	0,85
19,95	0,66
19,97	0,56
19,99	0,51
20,02	0,53
20,04	0,59
20,07	0,82
20,09	1,02
20,12	1,24
20,14	1,38
20,17	1,44
20,19	1,44
20,21	1,42
20,24	1,40
20,26	1,36
20,29	1,32
20,31	1,31
20,34	1,29
20,36	1,30
20,39	1,30
20,41	1,29
20,43	1,29
20,46	1,33
20,48	1,32
20,51	1,35
20,53	1,37
20,56	1,36
20,58	1,36
20,61	1,40
20,63	1,37
20,65	1,39
20,68	1,38
20,70	1,37
20,73	1,39
20,75	1,39
20,78	1,40
20,80	1,40
20,83	1,40
20,85	1,30
20,87	1,25
20,90	1,18
20,92	1,06
20,95	0,96
20,97	0,92
21,00	0,90
21,02	1,01
21,05	1,06
21,07	1,15
21,09	1,28
21,12	1,38
21,14	1,41
21,17	1,43
21,19	1,42
21,22	1,42
21,24	1,44
21,26	1,42
21,29	1,43
21,31	1,42
21,34	1,42
21,36	1,42
21,39	1,41
21,41	1,43
21,44	1,43
21,46	1,44
21,48	1,45
21,51	1,47
21,53	1,49
21,56	1,48
21,58	1,48
21,61	1,47
21,63	1,49
21,66	1,47
21,68	1,46
21,70	1,47
21,73	1,48
21,75	1,50
21,78	1,49
21,80	1,49
21,83	1,51
21,85	1,49
21,88	1,50
21,90	1,50
21,92	1,49
21,95	1,49
21,97	1,50
22,00	1,51
22,02	1,54
22,05	1,55
22,07	1,54
22,10	1,54
22,12	1,54
22,14	1,52
22,17	1,51
22,19	1,47
22,22	1,48
22,24	1,49
22,27	1,49
22,29	1,50
22,31	1,50
22,34	1,51
22,36	1,51
22,39	1,50
22,41	1,48
22,44	1,46
22,46	1,46
22,49	1,43
22,51	1,43
22,53	1,43
22,56	1,44
22,58	1,44
22,61	1,45
22,63	1,46
22,66	1,43
22,68	1,43
22,71	1,42
22,73	1,41
22,75	1,40
22,78	1,38
22,80	1,39
22,83	1,40
22,85	1,41
22,88	1,39
22,90	1,38
22,93	1,39
22,95	1,37
22,97	1,36
23,00	1,34
23,02	1,35
23,05	1,35
23,07	1,33
23,10	1,35
23,12	1,36
23,15	1,37
23,17	1,35
23,19	1,34
23,22	1,34
23,24	1,33
23,27	1,32
23,29	1,31
23,32	1,32
23,34	1,35
23,36	1,36
23,39	1,39
23,41	1,40
23,44	1,43
23,46	1,45
23,49	1,42
23,51	1,42
23,54	1,49
23,56	1,50
23,58	1,51
23,61	1,55
23,63	1,65
23,66	1,75
23,68	1,79
23,71	1,71
23,73	1,75
23,76	1,70
23,78	1,66
23,80	1,56
23,83	1,47
23,85	1,45
23,88	1,44
23,90	1,58
23,93	1,54
23,95	1,57
23,98	1,58
24,00	1,59
24,02	1,61
24,05	1,62
24,07	1,46
24,10	1,52
24,12	1,49
24,15	1,47
24,17	1,45
24,20	1,42
24,22	1,41
24,24	1,40
24,27	1,37
24,29	1,41
24,32	1,42
24,34	1,42
24,37	1,44
24,39	1,43
24,42	1,45
24,44	1,48
24,46	1,46
24,49	1,48
24,51	1,50
24,54	1,52
24,56	1,56
24,59	1,57
24,61	1,57
24,63	1,59
24,66	1,59
24,68	1,60
24,71	1,62
24,73	1,62
24,76	1,64
24,78	1,64
24,81	1,66
24,83	1,69
24,85	1,68
24,88	1,70
24,90	1,71
24,93	1,72
24,95	1,74
24,98	1,74
25,00	1,77
25,03	1,80
25,05	1,80
25,07	1,82
25,10	1,83
25,12	1,83
25,15	1,85
25,17	1,86
25,20	1,87
25,22	1,89
25,25	1,90
25,27	1,91
25,29	1,95
25,32	1,96
25,34	1,97
25,37	1,97
25,39	1,97
25,42	1,98
25,44	1,99
25,47	2,00
25,49	2,00
25,51	2,02
25,54	2,04
25,56	2,06
25,59	2,07
25,61	2,08
25,64	2,09
25,66	2,08
25,68	2,10
25,71	2,08
25,73	2,11
25,76	2,10
25,78	2,11
25,81	2,14
25,83	2,16
25,86	2,17
25,88	2,17
25,90	2,19
25,93	2,23
25,95	2,21
25,98	2,22
26,00	2,21
26,03	2,24
26,05	2,24
26,08	2,23
26,10	2,25
26,12	2,26
26,15	2,29
26,17	2,28
26,20	2,27
26,22	2,30
26,25	2,29
26,27	2,29
26,30	2,28
26,32	2,28
26,34	2,29
26,37	2,30
26,39	2,31
26,42	2,32
26,44	2,34
26,47	2,32
26,49	2,32
26,52	2,32
26,54	2,30
26,56	2,30
26,59	2,25
26,61	2,27
26,64	2,29
26,66	2,29
26,69	2,30
26,71	2,30
26,73	2,31
26,76	2,31
26,78	2,28
26,81	2,26
26,83	2,26
26,86	2,23
26,88	2,21
26,91	2,23
26,93	2,23
26,95	2,25
26,98	2,23
27,00	2,23
27,03	2,25
27,05	2,21
27,08	2,21
27,10	2,18
27,13	2,18
27,15	2,17
27,17	2,15
27,20	2,15
27,22	2,16
27,25	2,15
27,27	2,12
27,30	2,12
27,32	2,10
27,35	2,08
27,37	2,06
27,39	2,03
27,42	2,04
27,44	2,03
27,47	2,07
27,49	2,10
27,52	2,10
27,54	2,11
27,57	2,08
27,59	2,06
27,61	2,06
27,64	1,98
27,66	1,96
27,69	1,93
27,71	1,93
27,74	1,93
27,76	1,94
27,78	1,95
27,81	1,94
27,83	1,95
27,86	1,94
27,88	1,92
27,91	1,92
27,93	1,90
27,96	1,90
27,98	1,88
28,00	1,90
28,03	1,89
28,05	1,89
28,08	1,89
28,10	1,91
28,13	1,91
28,15	1,91
28,18	1,90
28,20	1,90
28,22	1,91
28,25	1,92
28,27	1,90
28,30	1,91
28,32	1,91
28,35	1,92
28,37	1,92
28,40	1,92
28,42	1,93
28,44	1,92
28,47	1,93
28,49	1,93
28,52	1,94
28,54	1,96
28,57	1,97
28,59	1,97
28,62	1,99
28,64	2,00
28,66	2,00
28,69	2,00
28,71	2,00
28,74	2,00
28,76	2,01
28,79	2,01
28,81	2,03
28,84	2,05
28,86	2,07
28,88	2,08
28,91	2,10
28,93	2,12
28,96	2,13
28,98	2,13
29,01	2,13
29,03	2,14
29,05	2,14
29,08	2,15
29,10	2,16
29,13	2,17
29,15	2,19
29,18	2,19
29,20	2,20
29,23	2,23
29,25	2,24
29,27	2,24
29,30	2,24
29,32	2,26
29,35	2,28
29,37	2,29
29,40	2,30
29,42	2,32
29,45	2,35
29,47	2,36
29,49	2,37
29,52	2,39
29,54	2,40
29,57	2,41
29,59	2,41
29,62	2,43
29,64	2,44
29,67	2,46
29,69	2,49
29,71	2,50
29,74	2,52
29,76	2,52
29,79	2,53
29,81	2,54
29,84	2,54
29,86	2,54
29,89	2,55
29,91	2,56
29,93	2,59
29,96	2,62
29,98	2,63
30,01	2,65
30,03	2,66
30,06	2,66
30,08	2,69
30,10	2,68
30,13	2,70
30,15	2,70
30,18	2,71
30,20	2,75
30,23	2,77
30,25	2,80
30,28	2,81
30,30	2,83
30,32	2,85
30,35	2,86
30,37	2,86
30,40	2,85
30,42	2,89
30,45	2,90
30,47	2,91
30,50	2,93
30,52	2,94
30,54	2,97
30,57	2,97
30,59	2,96
30,62	2,97
30,64	2,95
30,67	2,96
30,69	2,96
30,72	2,99
30,74	3,01
30,76	3,02
30,79	3,04
30,81	3,06
30,84	3,08
30,86	3,08
30,89	3,07
30,91	3,06
30,94	3,07
30,96	3,06
30,98	3,06
31,01	3,09
31,03	3,09
31,06	3,12
31,08	3,12
31,11	3,12
31,13	3,14
31,15	3,14
31,18	3,13
31,20	3,11
31,23	3,11
31,25	3,11
31,28	3,10
31,30	3,11
31,33	3,11
31,35	3,13
31,37	3,11
31,40	3,10
31,42	3,12
31,45	3,10
31,47	3,09
31,50	3,06
31,52	3,06
31,55	3,07
31,57	3,07
31,59	3,07
31,62	3,06
31,64	3,07
31,67	3,05
31,69	3,04
31,72	3,01
31,74	2,98
31,77	2,96
31,79	2,93
31,81	2,94
31,84	2,93
31,86	2,93
31,89	2,95
31,91	2,94
31,94	2,94
31,96	2,91
31,99	2,87
32,01	2,84
32,03	2,83
32,06	2,79
32,08	2,77
32,11	2,77
32,13	2,77
32,16	2,79
32,18	2,79
32,20	2,76
32,23	2,77
32,25	2,73
32,28	2,72
32,30	2,70
32,33	2,67
32,35	2,65
32,38	2,62
32,40	2,62
32,42	2,63
32,45	2,62
32,47	2,60
32,50	2,59
32,52	2,58
32,55	2,58
32,57	2,57
32,60	2,55
32,62	2,56
32,64	2,55
32,67	2,54
32,69	2,55
32,72	2,53
32,74	2,54
32,77	2,53
32,79	2,52
32,82	2,52
32,84	2,51
32,86	2,50
32,89	2,51
32,91	2,51
32,94	2,52
32,96	2,52
32,99	2,53
33,01	2,54
33,04	2,56
33,06	2,54
33,08	2,54
33,11	2,53
33,13	2,53
33,16	2,54
33,18	2,52
33,21	2,54
33,23	2,55
33,26	2,57
33,28	2,59
33,30	2,60
33,33	2,62
33,35	2,63
33,38	2,63
33,40	2,63
33,43	2,64
33,45	2,64
33,47	2,64
33,50	2,66
33,52	2,67
33,55	2,70
33,57	2,70
33,60	2,72
33,62	2,75
33,65	2,76
33,67	2,77
33,69	2,76
33,72	2,78
33,74	2,80
33,77	2,81
33,79	2,82
33,82	2,84
33,84	2,86
33,87	2,87
33,89	2,89
33,91	2,90
33,94	2,91
33,96	2,92
33,99	2,94
34,01	2,97
34,04	2,98
34,06	2,99
34,09	3,01
34,11	3,03
34,13	3,05
34,16	3,05
34,18	3,06
34,21	3,08
34,23	3,10
34,26	3,11
34,28	3,12
34,31	3,15
34,33	3,17
34,35	3,20
34,38	3,22
34,40	3,26
34,43	3,27
34,45	3,28
34,48	3,29
34,50	3,29
34,52	3,32
34,55	3,32
34,57	3,33
34,60	3,35
34,62	3,38
34,65	3,43
34,67	3,43
34,70	3,44
34,72	3,45
34,74	3,47
34,77	3,47
34,79	3,46
34,82	3,48
34,84	3,51
34,87	3,53
34,89	3,56
34,92	3,58
34,94	3,62
34,96	3,61
34,99	3,63
35,01	3,63
35,04	3,63
35,06	3,64
35,09	3,66
35,11	3,70
35,14	3,73
35,16	3,77
35,18	3,78
35,21	3,81
35,23	3,84
35,26	3,81
35,28	3,82
35,31	3,80
35,33	3,82
35,36	3,84
35,38	3,84
35,40	3,88
35,43	3,91
35,45	3,95
35,48	3,97
35,50	3,96
35,53	3,98
35,55	3,98
35,57	3,97
35,60	3,96
35,62	3,97
35,65	3,98
35,67	3,99
35,70	4,00
35,72	4,02
35,75	4,06
35,77	4,03
35,79	4,03
35,82	4,04
35,84	4,03
35,87	4,03
35,89	4,01
35,92	4,03
35,94	4,05
35,97	4,07
35,99	4,08
36,01	4,08
36,04	4,09
36,06	4,07
36,09	4,06
36,11	4,05
36,14	4,04
36,16	4,02
36,19	4,00
36,21	4,02
36,23	4,03
36,26	4,03
36,28	4,04
36,31	4,00
36,33	4,02
36,36	4,00
36,38	3,98
36,41	3,96
36,43	3,94
36,45	3,93
36,48	3,91
36,50	3,90
36,53	3,89
36,55	3,89
36,58	3,88
36,60	3,86
36,62	3,84
36,65	3,82
36,67	3,81
36,70	3,78
36,72	3,76
36,75	3,73
36,77	3,71
36,80	3,69
36,82	3,69
36,84	3,69
36,87	3,67
36,89	3,64
36,92	3,62
36,94	3,61
36,97	3,59
36,99	3,54
37,02	3,53
37,04	3,50
37,06	3,50
37,09	3,48
37,11	3,46
37,14	3,45
37,16	3,43
37,19	3,41
37,21	3,39
37,24	3,36
37,26	3,35
37,28	3,32
37,31	3,32
37,33	3,31
37,36	3,31
37,38	3,29
37,41	3,29
37,43	3,29
37,46	3,28
37,48	3,27
37,50	3,25
37,53	3,25
37,55	3,25
37,58	3,25
37,60	3,25
37,63	3,25
37,65	3,26
37,68	3,27
37,70	3,26
37,72	3,25
37,75	3,24
37,77	3,23
37,80	3,23
37,82	3,24
37,85	3,23
37,87	3,24
37,89	3,25
37,92	3,26
37,94	3,29
37,97	3,28
37,99	3,28
38,02	3,28
38,04	3,29
38,07	3,30
38,09	3,30
38,11	3,31
38,14	3,33
38,16	3,35
38,19	3,37
38,21	3,38
38,24	3,39
38,26	3,40
38,29	3,42
38,31	3,43
38,33	3,44
38,36	3,46
38,38	3,47
38,41	3,51
38,43	3,52
38,46	3,53
38,48	3,54
38,51	3,56
38,53	3,59
38,55	3,60
38,58	3,61
38,60	3,63
38,63	3,64
38,65	3,66
38,68	3,69
38,70	3,71
38,73	3,74
38,75	3,77
38,77	3,78
38,80	3,82
38,82	3,82
38,85	3,85
38,87	3,86
38,90	3,85
38,92	3,89
38,94	3,90
38,97	3,91
38,99	3,95
39,02	3,98
39,04	4,01
39,07	4,02
39,09	4,03
39,12	4,04
39,14	4,06
39,16	4,07
39,19	4,06
39,21	4,10
39,24	4,12
39,26	4,15
39,29	4,17
39,31	4,19
39,34	4,23
39,36	4,22
39,38	4,23
39,41	4,25
39,43	4,28
39,46	4,30
39,48	4,31
39,51	4,35
39,53	4,38
39,56	4,41
39,58	4,43
39,60	4,45
39,63	4,48
39,65	4,48
39,68	4,50
39,70	4,48
39,73	4,52
39,75	4,55
39,78	4,57
39,80	4,60
39,82	4,63
39,85	4,66
39,87	4,68
39,90	4,70
39,92	4,70
39,95	4,70
39,97	4,71
39,99	4,70
40,02	4,74
40,04	4,76
40,07	4,79
40,09	4,83
40,12	4,85
40,14	4,89
40,17	4,89
40,19	4,90
40,21	4,90
40,24	4,91
40,26	4,91
40,29	4,90
40,31	4,93
40,34	4,96
40,36	5,00
40,39	5,00
40,41	5,01
40,43	5,03
40,46	5,02
40,48	5,03
40,51	5,01
40,53	5,03
40,56	5,04
40,58	5,02
40,61	5,07
40,63	5,08
40,65	5,08
40,68	5,09
40,70	5,07
40,73	5,09
40,75	5,07
40,78	5,07
40,80	5,06
40,83	5,06
40,85	5,06
40,87	5,08
40,90	5,08
40,92	5,09
40,95	5,09
40,97	5,07
41,00	5,07
41,02	5,05
41,05	5,02
41,07	5,02
41,09	4,99
41,12	4,99
41,14	4,99
41,17	4,98
41,19	4,97
41,22	4,98
41,24	4,97
41,26	4,95
41,29	4,92
41,31	4,90
41,34	4,90
41,36	4,87
41,39	4,83
41,41	4,82
41,44	4,79
41,46	4,79
41,48	4,77
41,51	4,75
41,53	4,73
41,56	4,69
41,58	4,67
41,61	4,65
41,63	4,63
41,66	4,61
41,68	4,58
41,70	4,57
41,73	4,56
41,75	4,55
41,78	4,51
41,80	4,49
41,83	4,45
41,85	4,42
41,88	4,39
41,90	4,35
41,92	4,34
41,95	4,32
41,97	4,30
42,00	4,30
42,02	4,28
42,05	4,28
42,07	4,26
42,10	4,23
42,12	4,21
42,14	4,18
42,17	4,15
42,19	4,13
42,22	4,12
42,24	4,11
42,27	4,11
42,29	4,10
42,31	4,09
42,34	4,11
42,36	4,09
42,39	4,08
42,41	4,07
42,44	4,06
42,46	4,06
42,49	4,05
42,51	4,05
42,53	4,06
42,56	4,06
42,58	4,06
42,61	4,07
42,63	4,08
42,66	4,07
42,68	4,08
42,71	4,07
42,73	4,09
42,75	4,10
42,78	4,11
42,80	4,13
42,83	4,16
42,85	4,17
42,88	4,18
42,90	4,18
42,93	4,19
42,95	4,19
42,97	4,19
43,00	4,19
43,02	4,20
43,05	4,23
43,07	4,27
43,10	4,29
43,12	4,32
43,15	4,35
43,17	4,35
43,19	4,38
43,22	4,37
43,24	4,39
43,27	4,37
43,29	4,38
43,32	4,42
43,34	4,45
43,36	4,47
43,39	4,50
43,41	4,53
43,44	4,57
43,46	4,58
43,49	4,59
43,51	4,59
43,54	4,63
43,56	4,64
43,58	4,64
43,61	4,68
43,63	4,69
43,66	4,73
43,68	4,74
43,71	4,76
43,73	4,81
43,76	4,81
43,78	4,82
43,80	4,85
43,83	4,88
43,85	4,91
43,88	4,93
43,90	4,96
43,93	4,99
43,95	5,04
43,98	5,04
44,00	5,07
44,02	5,09
44,05	5,10
44,07	5,11
44,10	5,12
44,12	5,16
44,15	5,19
44,17	5,21
44,20	5,25
44,22	5,28
44,24	5,31
44,27	5,32
44,29	5,34
44,32	5,35
44,34	5,38
44,37	5,37
44,39	5,40
44,41	5,44
44,44	5,48
44,46	5,51
44,49	5,52
44,51	5,54
44,54	5,60
44,56	5,60
44,59	5,62
44,61	5,61
44,63	5,64
44,66	5,67
44,68	5,68
44,71	5,71
44,73	5,75
44,76	5,79
44,78	5,80
44,81	5,82
44,83	5,84
44,85	5,84
44,88	5,85
44,90	5,85
44,93	5,89
44,95	6,05
44,98	6,08
45,00	6,13
45,03	6,16
45,05	6,20
45,07	6,19
45,10	6,19
45,12	6,05
45,15	6,04
45,17	6,04
45,20	6,03
45,22	6,06
45,25	6,09
45,27	6,14
45,29	6,17
45,32	6,20
45,34	6,22
45,37	6,22
45,39	6,22
45,42	6,20
45,44	6,21
45,47	6,19
45,49	6,18
45,51	6,21
45,54	6,22
45,56	6,26
45,59	6,26
45,61	6,26
45,64	6,27
45,66	6,25
45,68	6,24
45,71	6,22
45,73	6,21
45,76	6,23
45,78	6,19
45,81	6,21
45,83	6,20
45,86	6,22
45,88	6,19
45,90	6,16
45,93	6,15
45,95	6,13
45,98	6,11
46,00	6,10
46,03	6,10
46,05	6,09
46,08	6,08
46,10	6,07
46,12	6,07
46,15	6,06
46,17	6,02
46,20	5,99
46,22	5,96
46,25	5,93
46,27	5,90
46,30	5,86
46,32	5,85
46,34	5,83
46,37	5,82
46,39	5,80
46,42	5,78
46,44	5,77
46,47	5,74
46,49	5,70
46,52	5,66
46,54	5,63
46,56	5,58
46,59	5,54
46,61	5,53
46,64	5,50
46,66	5,50
46,69	5,45
46,71	5,43
46,73	5,43
46,76	5,39
46,78	5,36
46,81	5,33
46,83	5,30
46,86	5,29
46,88	5,25
46,91	5,23
46,93	5,22
46,95	5,21
46,98	5,18
47,00	5,17
47,03	5,16
47,05	5,14
47,08	5,13
47,10	5,10
47,13	5,10
47,15	5,09
47,17	5,08
47,20	5,09
47,22	5,08
47,25	5,08
47,27	5,07
47,30	5,06
47,32	5,06
47,35	5,05
47,37	5,04
47,39	5,03
47,42	5,03
47,44	5,04
47,47	5,06
47,49	5,06
47,52	5,07
47,54	5,07
47,57	5,06
47,59	5,08
47,61	5,05
47,64	5,08
47,66	5,06
47,69	5,08
47,71	5,12
47,74	5,15
47,76	5,18
47,78	5,19
47,81	5,20
47,83	5,23
47,86	5,24
47,88	5,23
47,91	5,22
47,93	5,24
47,96	5,27
47,98	5,28
48,00	5,31
48,03	5,35
48,05	5,40
48,08	5,40
48,10	5,43
48,13	5,45
48,15	5,46
48,18	5,48
48,20	5,49
48,22	5,53
48,25	5,56
48,27	5,60
48,30	5,63
48,32	5,67
48,35	5,71
48,37	5,70
48,40	5,72
48,42	5,72
48,44	5,74
48,47	5,77
48,49	5,78
48,52	5,83
48,54	5,86
48,57	5,90
48,59	5,93
48,62	5,97
48,64	6,00
48,66	6,00
48,69	6,01
48,71	6,02
48,74	6,06
48,76	6,09
48,79	6,11
48,81	6,16
48,84	6,16
48,86	6,23
48,88	6,24
48,91	6,26
48,93	6,32
48,96	6,33
48,98	6,39
49,01	6,40
49,03	6,43
49,05	6,48
49,08	6,50
49,10	6,52
49,13	6,51
49,15	6,56
49,18	6,59
49,20	6,63
49,23	6,67
49,25	6,70
49,27	6,75
49,30	6,75
49,32	6,77
49,35	6,79
49,37	6,81
49,40	6,83
49,42	6,82
49,45	6,88
49,47	6,91
49,49	6,95
49,52	6,99
49,54	7,02
49,57	7,07
49,59	7,07
49,62	7,08
49,64	7,09
49,67	7,13
49,69	7,13
49,71	7,14
49,74	7,18
49,76	7,21
49,79	7,28
49,81	7,29
49,84	7,32
49,86	7,36
49,89	7,35
49,91	7,38
49,93	7,37
49,96	7,39
49,98	7,42
50,01	7,42
50,03	7,45
50,06	7,46
50,08	7,50
50,10	7,52
50,13	7,49
50,15	7,53
50,18	7,52
50,20	7,54
50,23	7,56
50,25	7,59
50,28	7,61
50,30	7,63
50,32	7,64
50,35	7,64
50,37	7,66
50,40	7,65
50,42	7,64
50,45	7,63
50,47	7,62
50,50	7,63
50,52	7,65
50,54	7,65
50,57	7,65
50,59	7,66
50,62	7,66
50,64	7,66
50,67	7,66
50,69	7,64
50,72	7,62
50,74	7,60
50,76	7,60
50,79	7,59
50,81	7,58
50,84	7,57
50,86	7,56
50,89	7,56
50,91	7,53
50,94	7,50
50,96	7,48
50,98	7,46
51,01	7,43
51,03	7,40
51,06	7,39
51,08	7,36
51,11	7,35
51,13	7,33
51,15	7,29
51,18	7,29
51,20	7,23
51,23	7,19
51,25	7,17
51,28	7,13
51,30	7,10
51,33	7,05
51,35	7,04
51,37	7,03
51,40	7,01
51,42	6,99
51,45	6,96
51,47	6,93
51,50	6,89
51,52	6,85
51,55	6,80
51,57	6,77
51,59	6,73
51,62	6,69
51,64	6,69
51,67	6,67
51,69	6,66
51,72	6,63
51,74	6,60
51,77	6,60
51,79	6,56
51,81	6,53
51,84	6,49
51,86	6,47
51,89	6,45
51,91	6,43
51,94	6,41
51,96	6,41
51,99	6,44
52,01	6,39
52,03	6,41
52,06	6,39
52,08	6,38
52,11	6,37
52,13	6,32
52,16	6,33
52,18	6,34
52,20	6,33
52,23	6,35
52,25	6,37
52,28	6,40
52,30	6,38
52,33	6,37
52,35	6,36
52,38	6,36
52,40	6,36
52,42	6,33
52,45	6,37
52,47	6,40
52,50	6,43
52,52	6,45
52,55	6,47
52,57	6,51
52,60	6,49
52,62	6,49
52,64	6,49
52,67	6,50
52,69	6,51
52,72	6,53
52,74	6,58
52,77	6,63
52,79	6,68
52,82	6,69
52,84	6,73
52,86	6,77
52,89	6,76
52,91	6,77
52,94	6,75
52,96	6,79
52,99	6,83
53,01	6,84
53,04	6,90
53,06	6,94
53,08	7,00
53,11	7,03
53,13	7,05
53,16	7,09
53,18	7,10
53,21	7,11
53,23	7,10
53,26	7,15
53,28	7,18
53,30	7,24
53,33	7,26
53,35	7,31
53,38	7,38
53,40	7,38
53,43	7,41
53,45	7,43
53,47	7,44
53,50	7,47
53,52	7,47
53,55	7,54
53,57	7,60
53,60	7,65
53,62	7,69
53,65	7,74
53,67	7,78
53,69	7,79
53,72	7,82
53,74	7,82
53,77	7,87
53,79	7,89
53,82	7,92
53,84	7,99
53,87	8,05
53,89	8,11
53,91	8,13
53,94	8,17
53,96	8,21
53,99	8,21
54,01	8,23
54,04	8,23
54,06	8,29
54,09	8,32
54,11	8,36
54,13	8,40
54,16	8,47
54,18	8,54
54,21	8,54
54,23	8,57
54,26	8,60
54,28	8,63
54,31	8,66
54,33	8,65
54,35	8,68
54,38	8,75
54,40	8,75
54,43	8,82
54,45	8,84
54,48	8,91
54,50	8,92
54,52	8,96
54,55	8,98
54,57	9,03
54,60	9,06
54,62	9,07
54,65	9,12
54,67	9,16
54,70	9,21
54,72	9,23
54,74	9,26
54,77	9,30
54,79	9,31
54,82	9,32
54,84	9,34
54,87	9,36
54,89	9,39
54,92	9,41
54,94	9,46
54,96	9,49
54,99	9,54
55,01	9,54
55,04	9,57
55,06	9,59
55,09	9,58
55,11	9,59
55,14	9,58
55,16	9,61
55,18	9,64
55,21	9,66
55,23	9,69
55,26	9,72
55,28	9,75
55,31	9,76
55,33	9,76
55,36	9,75
55,38	9,76
55,40	9,74
55,43	9,73
55,45	9,75
55,48	9,76
55,50	9,79
55,53	9,79
55,55	9,79
55,57	9,82
55,60	9,78
55,62	9,76
55,65	9,74
55,67	9,73
55,70	9,71
55,72	9,68
55,75	9,69
55,77	9,68
55,79	9,68
55,82	9,66
55,84	9,64
55,87	9,62
55,89	9,57
55,92	9,56
55,94	9,52
55,97	9,52
55,99	9,49
56,01	9,46
56,04	9,48
56,06	9,46
56,09	9,44
56,11	9,39
56,14	9,34
56,16	9,32
56,19	9,26
56,21	9,21
56,23	9,16
56,26	9,15
56,28	9,13
56,31	9,11
56,33	9,06
56,36	9,10
56,38	9,09
56,41	9,00
56,43	9,00
56,45	8,91
56,48	8,92
56,50	8,88
56,53	8,79
56,55	8,81
56,58	8,81
56,60	8,82
56,62	8,81
56,65	8,81
56,67	8,83
56,70	8,77
56,72	8,71
56,75	8,65
56,77	8,66
56,80	8,64
56,82	8,59
56,84	8,62
56,87	8,62
56,89	8,67
56,92	8,64
56,94	8,64
56,97	8,65
56,99	8,58
57,02	8,56
57,04	8,52
57,06	8,57
57,09	8,58
57,11	8,58
57,14	8,62
57,16	8,66
57,19	8,72
57,21	8,69
57,24	8,68
57,26	8,70
57,28	8,69
57,31	8,68
57,33	8,63
57,36	8,70
57,38	8,75
57,41	8,81
57,43	8,85
57,46	8,90
57,48	8,97
57,50	8,96
57,53	8,96
57,55	8,95
57,58	8,98
57,60	8,99
57,63	8,97
57,65	9,08
57,68	9,14
57,70	9,27
57,72	9,32
57,75	9,40
57,77	9,49
57,80	9,46
57,82	9,45
57,85	9,44
57,87	9,54
57,89	9,57
57,92	9,59
57,94	9,69
57,97	9,79
57,99	9,96
58,02	9,97
58,04	10,09
58,07	10,14
58,09	10,12
58,11	10,15
58,14	10,11
58,16	10,39
58,19	10,45
58,21	10,63
58,24	16,47
58,26	22,10
58,29	27,83
58,31	33,58
58,33	38,93
58,36	44,72
58,38	49,99
58,41	49,99
58,43	49,99
58,46	49,99
58,48	49,99
58,51	49,99
58,53	49,99
58,55	49,99
58,58	49,99
58,60	49,99
58,63	49,99
58,65	49,99
58,68	49,99
58,70	49,99
58,73	49,99
58,75	49,99
58,77	49,99
58,80	49,99
58,82	49,99
58,85	49,99
58,87	49,99
58,90	49,99
58,92	49,99
58,94	49,99
58,97	49,99
58,99	49,99
59,02	49,99
59,04	49,99
59,07	49,99
59,09	49,99
59,12	49,99
59,14	49,99
59,16	49,99
59,19	49,99
59,21	49,99
59,24	49,99
59,26	49,99
59,29	49,99
59,31	49,99
59,34	49,99
59,36	49,99
59,38	49,99
59,41	49,99
59,43	49,99
59,46	49,99
59,48	49,99
59,51	49,99
59,53	49,99
59,56	49,99
59,58	49,99
59,60	49,99
59,63	49,99
59,65	49,99
59,68	49,99
59,70	49,99
59,73	49,99
59,75	49,99
59,78	49,99
59,80	49,99
59,82	49,99
59,85	49,99
59,87	49,99
59,90	49,99
59,92	49,99
59,95	49,99
59,97	49,99
59,99	49,99
