Voltage U1	Corriente IA
U1/V	IA/nA

0,02	0,10
0,04	0,09
0,07	0,10
0,09	0,09
0,12	0,09
0,14	0,09
0,17	0,09
0,19	0,09
0,21	0,09
0,24	0,06
0,26	0,06
0,29	0,04
0,31	0,05
0,34	0,06
0,36	0,05
0,39	0,05
0,41	0,06
0,43	0,06
0,46	0,06
0,48	0,06
0,51	0,05
0,53	0,04
0,56	0,04
0,58	0,04
0,61	0,04
0,63	0,03
0,65	0,04
0,68	0,04
0,70	0,04
0,73	0,04
0,75	0,04
0,78	0,04
0,80	0,04
0,83	0,04
0,85	0,04
0,87	0,04
0,90	0,04
0,92	0,05
0,95	0,05
0,97	0,05
1,00	0,04
1,02	0,04
1,05	0,05
1,07	0,05
1,09	0,03
1,12	0,05
1,14	0,05
1,17	0,06
1,19	0,06
1,22	0,06
1,24	0,06
1,26	0,06
1,29	0,04
1,31	0,04
1,34	0,04
1,36	0,04
1,39	0,02
1,41	0,03
1,44	0,03
1,46	0,05
1,48	0,05
1,51	0,05
1,53	0,06
1,56	0,05
1,58	0,05
1,61	0,05
1,63	0,05
1,66	0,05
1,68	0,05
1,70	0,05
1,73	0,06
1,75	0,06
1,78	0,06
1,80	0,07
1,83	0,07
1,85	0,05
1,88	0,05
1,90	0,04
1,92	0,06
1,95	0,06
1,97	0,05
2,00	0,05
2,02	0,05
2,05	0,05
2,07	0,05
2,10	0,04
2,12	0,04
2,14	0,04
2,17	0,04
2,19	0,05
2,22	0,06
2,24	0,06
2,27	0,06
2,29	0,06
2,31	0,06
2,34	0,06
2,36	0,05
2,39	0,05
2,41	0,05
2,44	0,05
2,46	0,05
2,49	0,05
2,51	0,05
2,53	0,07
2,56	0,07
2,58	0,07
2,61	0,07
2,63	0,07
2,66	0,07
2,68	0,06
2,71	0,05
2,73	0,07
2,75	0,07
2,78	0,08
2,80	0,09
2,83	0,08
2,85	0,10
2,88	0,10
2,90	0,10
2,93	0,10
2,95	0,09
2,97	0,09
3,00	0,09
3,02	0,10
3,05	0,10
3,07	0,10
3,10	0,10
3,12	0,10
3,15	0,10
3,17	0,10
3,19	0,10
3,22	0,10
3,24	0,10
3,27	0,10
3,29	0,09
3,32	0,11
3,34	0,11
3,36	0,11
3,39	0,11
3,41	0,10
3,44	0,10
3,46	0,09
3,49	0,07
3,51	0,07
3,54	0,07
3,56	0,07
3,58	0,08
3,61	0,08
3,63	0,08
3,66	0,12
3,68	0,12
3,71	0,11
3,73	0,11
3,76	0,09
3,78	0,10
3,80	0,08
3,83	0,09
3,85	0,09
3,88	0,09
3,90	0,09
3,93	0,11
3,95	0,12
3,98	0,12
4,00	0,12
4,02	0,12
4,05	0,13
4,07	0,13
4,10	0,11
4,12	0,13
4,15	0,14
4,17	0,14
4,20	0,14
4,22	0,12
4,24	0,12
4,27	0,11
4,29	0,09
4,32	0,09
4,34	0,08
4,37	0,08
4,39	0,08
4,42	0,09
4,44	0,10
4,46	0,12
4,49	0,12
4,51	0,13
4,54	0,13
4,56	0,11
4,59	0,11
4,61	0,10
4,63	0,11
4,66	0,11
4,68	0,11
4,71	0,11
4,73	0,12
4,76	0,14
4,78	0,14
4,81	0,14
4,83	0,13
4,85	0,13
4,88	0,13
4,90	0,12
4,93	0,10
4,95	0,10
4,98	0,09
5,00	0,09
5,03	0,09
5,05	0,10
5,07	0,10
5,10	0,10
5,12	0,10
5,15	0,10
5,17	0,10
5,20	0,09
5,22	0,10
5,25	0,11
5,27	0,11
5,29	0,11
5,32	0,12
5,34	0,12
5,37	0,12
5,39	0,11
5,42	0,11
5,44	0,11
5,47	0,11
5,49	0,10
5,51	0,11
5,54	0,12
5,56	0,13
5,59	0,14
5,61	0,13
5,64	0,13
5,66	0,12
5,68	0,10
5,71	0,09
5,73	0,09
5,76	0,08
5,78	0,09
5,81	0,10
5,83	0,12
5,86	0,15
5,88	0,15
5,90	0,15
5,93	0,15
5,95	0,14
5,98	0,14
6,00	0,12
6,03	0,12
6,05	0,12
6,08	0,12
6,10	0,13
6,12	0,14
6,15	0,15
6,17	0,14
6,20	0,14
6,22	0,13
6,25	0,14
6,27	0,13
6,30	0,12
6,32	0,14
6,34	0,13
6,37	0,14
6,39	0,14
6,42	0,12
6,44	0,13
6,47	0,13
6,49	0,11
6,52	0,12
6,54	0,12
6,56	0,12
6,59	0,14
6,61	0,15
6,64	0,15
6,66	0,16
6,69	0,15
6,71	0,15
6,73	0,16
6,76	0,14
6,78	0,14
6,81	0,13
6,83	0,13
6,86	0,14
6,88	0,14
6,91	0,15
6,93	0,15
6,95	0,16
6,98	0,17
7,00	0,17
7,03	0,17
7,05	0,17
7,08	0,17
7,10	0,16
7,13	0,17
7,15	0,16
7,17	0,19
7,20	0,18
7,22	0,18
7,25	0,18
7,27	0,16
7,30	0,16
7,32	0,15
7,35	0,15
7,37	0,15
7,39	0,14
7,42	0,16
7,44	0,17
7,47	0,19
7,49	0,19
7,52	0,19
7,54	0,19
7,57	0,18
7,59	0,18
7,61	0,16
7,64	0,17
7,66	0,17
7,69	0,17
7,71	0,18
7,74	0,19
7,76	0,20
7,78	0,20
7,81	0,19
7,83	0,19
7,86	0,17
7,88	0,16
7,91	0,15
7,93	0,16
7,96	0,15
7,98	0,16
8,00	0,16
8,03	0,18
8,05	0,21
8,08	0,20
8,10	0,19
8,13	0,19
8,15	0,19
8,18	0,19
8,20	0,17
8,22	0,17
8,25	0,18
8,27	0,19
8,30	0,19
8,32	0,20
8,35	0,21
8,37	0,19
8,40	0,18
8,42	0,17
8,44	0,18
8,47	0,18
8,49	0,17
8,52	0,19
8,54	0,20
8,57	0,22
8,59	0,22
8,62	0,21
8,64	0,21
8,66	0,20
8,69	0,18
8,71	0,17
8,74	0,17
8,76	0,17
8,79	0,19
8,81	0,21
8,84	0,21
8,86	0,23
8,88	0,22
8,91	0,23
8,93	0,23
8,96	0,20
8,98	0,19
9,01	0,18
9,03	0,19
9,05	0,19
9,08	0,20
9,10	0,20
9,13	0,21
9,15	0,22
9,18	0,21
9,20	0,21
9,23	0,20
9,25	0,21
9,27	0,21
9,30	0,19
9,32	0,21
9,35	0,21
9,37	0,21
9,40	0,23
9,42	0,20
9,45	0,22
9,47	0,21
9,49	0,19
9,52	0,21
9,54	0,22
9,57	0,22
9,59	0,22
9,62	0,23
9,64	0,25
9,67	0,26
9,69	0,25
9,71	0,25
9,74	0,25
9,76	0,24
9,79	0,24
9,81	0,23
9,84	0,24
9,86	0,24
9,89	0,24
9,91	0,25
9,93	0,26
9,96	0,26
9,98	0,27
10,01	0,26
10,03	0,26
10,06	0,26
10,08	0,25
10,10	0,25
10,13	0,25
10,15	0,25
10,18	0,25
10,20	0,24
10,23	0,25
10,25	0,27
10,28	0,26
10,30	0,26
10,32	0,28
10,35	0,23
10,37	0,24
10,40	0,23
10,42	0,22
10,45	0,23
10,47	0,22
10,50	0,21
10,52	0,25
10,54	0,26
10,57	0,26
10,59	0,26
10,62	0,27
10,64	0,28
10,67	0,28
10,69	0,28
10,72	0,30
10,74	0,30
10,76	0,30
10,79	0,30
10,81	0,29
10,84	0,30
10,86	0,29
10,89	0,28
10,91	0,28
10,94	0,28
10,96	0,28
10,98	0,29
11,01	0,30
11,03	0,32
11,06	0,32
11,08	0,31
11,11	0,32
11,13	0,32
11,15	0,31
11,18	0,30
11,20	0,28
11,23	0,29
11,25	0,31
11,28	0,32
11,30	0,32
11,33	0,32
11,35	0,32
11,37	0,33
11,40	0,33
11,42	0,31
11,45	0,31
11,47	0,31
11,50	0,31
11,52	0,32
11,55	0,33
11,57	0,36
11,59	0,34
11,62	0,36
11,64	0,35
11,67	0,34
11,69	0,34
11,72	0,32
11,74	0,33
11,77	0,33
11,79	0,33
11,81	0,34
11,84	0,36
11,86	0,37
11,89	0,36
11,91	0,35
11,94	0,36
11,96	0,35
11,99	0,35
12,01	0,34
12,03	0,36
12,06	0,36
12,08	0,37
12,11	0,37
12,13	0,38
12,16	0,39
12,18	0,37
12,21	0,36
12,23	0,35
12,25	0,34
12,28	0,34
12,30	0,32
12,33	0,34
12,35	0,35
12,38	0,37
12,40	0,36
12,42	0,37
12,45	0,40
12,47	0,38
12,50	0,37
12,52	0,36
12,55	0,36
12,57	0,37
12,60	0,35
12,62	0,36
12,64	0,37
12,67	0,38
12,69	0,38
12,72	0,40
12,74	0,41
12,77	0,40
12,79	0,38
12,82	0,37
12,84	0,39
12,86	0,39
12,89	0,38
12,91	0,39
12,94	0,39
12,96	0,42
12,99	0,41
13,01	0,41
13,04	0,41
13,06	0,40
13,08	0,39
13,11	0,39
13,13	0,39
13,16	0,40
13,18	0,41
13,21	0,42
13,23	0,44
13,26	0,46
13,28	0,44
13,30	0,45
13,33	0,44
13,35	0,43
13,38	0,43
13,40	0,40
13,43	0,42
13,45	0,43
13,47	0,44
13,50	0,45
13,52	0,45
13,55	0,46
13,57	0,47
13,60	0,46
13,62	0,44
13,65	0,44
13,67	0,44
13,69	0,44
13,72	0,44
13,74	0,45
13,77	0,48
13,79	0,47
13,82	0,47
13,84	0,48
13,87	0,45
13,89	0,46
13,91	0,44
13,94	0,44
13,96	0,46
13,99	0,46
14,01	0,47
14,04	0,48
14,06	0,49
14,09	0,47
14,11	0,48
14,13	0,47
14,16	0,47
14,18	0,47
14,21	0,47
14,23	0,49
14,26	0,50
14,28	0,51
14,31	0,52
14,33	0,53
14,35	0,54
14,38	0,53
14,40	0,52
14,43	0,52
14,45	0,52
14,48	0,51
14,50	0,50
14,52	0,50
14,55	0,51
14,57	0,54
14,60	0,52
14,62	0,52
14,65	0,52
14,67	0,51
14,70	0,51
14,72	0,50
14,74	0,51
14,77	0,53
14,79	0,52
14,82	0,55
14,84	0,56
14,87	0,58
14,89	0,57
14,92	0,57
14,94	0,58
14,96	0,56
14,99	0,56
15,01	0,54
15,04	0,57
15,06	0,57
15,09	0,56
15,11	0,57
15,14	0,58
15,16	0,60
15,18	0,59
15,21	0,58
15,23	0,58
15,26	0,57
15,28	0,57
15,31	0,56
15,33	0,55
15,36	0,56
15,38	0,57
15,40	0,57
15,43	0,58
15,45	0,61
15,48	0,59
15,50	0,60
15,53	0,59
15,55	0,59
15,57	0,59
15,60	0,57
15,62	0,59
15,65	0,62
15,67	0,64
15,70	0,64
15,72	0,65
15,75	0,66
15,77	0,66
15,79	0,64
15,82	0,61
15,84	0,61
15,87	0,61
15,89	0,60
15,92	0,62
15,94	0,62
15,97	0,65
15,99	0,64
16,01	0,64
16,04	0,65
16,06	0,63
16,09	0,63
16,11	0,62
16,14	0,64
16,16	0,65
16,19	0,66
16,21	0,66
16,23	0,68
16,26	0,70
16,28	0,68
16,31	0,68
16,33	0,66
16,36	0,66
16,38	0,67
16,41	0,65
16,43	0,67
16,45	0,67
16,48	0,68
16,50	0,69
16,53	0,69
16,55	0,71
16,58	0,70
16,60	0,68
16,63	0,68
16,65	0,68
16,67	0,68
16,70	0,68
16,72	0,68
16,75	0,69
16,77	0,73
16,80	0,71
16,82	0,72
16,84	0,72
16,87	0,70
16,89	0,71
16,92	0,69
16,94	0,70
16,97	0,71
16,99	0,71
17,02	0,73
17,04	0,74
17,06	0,74
17,09	0,74
17,11	0,75
17,14	0,74
17,16	0,74
17,19	0,73
17,21	0,72
17,24	0,75
17,26	0,76
17,28	0,75
17,31	0,76
17,33	0,75
17,36	0,77
17,38	0,76
17,41	0,75
17,43	0,74
17,46	0,74
17,48	0,74
17,50	0,74
17,53	0,76
17,55	0,77
17,58	0,78
17,60	0,79
17,63	0,79
17,65	0,80
17,68	0,79
17,70	0,78
17,72	0,76
17,75	0,77
17,77	0,77
17,80	0,77
17,82	0,79
17,85	0,81
17,87	0,83
17,89	0,83
17,92	0,83
17,94	0,83
17,97	0,82
17,99	0,82
18,02	0,81
18,04	0,80
18,07	0,82
18,09	0,81
18,11	0,83
18,14	0,82
18,16	0,83
18,19	0,82
18,21	0,82
18,24	0,84
18,26	0,83
18,29	0,83
18,31	0,83
18,33	0,85
18,36	0,86
18,38	0,87
18,41	0,87
18,43	0,87
18,46	0,88
18,48	0,86
18,51	0,86
18,53	0,86
18,55	0,86
18,58	0,86
18,60	0,85
18,63	0,88
18,65	0,89
18,68	0,89
18,70	0,90
18,73	0,90
18,75	0,91
18,77	0,90
18,80	0,88
18,82	0,88
18,85	0,89
18,87	0,88
18,90	0,89
18,92	0,90
18,94	0,91
18,97	0,96
18,99	0,95
19,02	0,95
19,04	0,94
19,07	0,93
19,09	0,93
19,12	0,92
19,14	0,90
19,16	0,91
19,19	0,92
19,21	0,93
19,24	0,95
19,26	0,95
19,29	0,95
19,31	0,95
19,34	0,95
19,36	0,95
19,38	0,94
19,41	0,93
19,43	0,95
19,46	0,96
19,48	0,97
19,51	0,97
19,53	0,96
19,56	0,98
19,58	0,97
19,60	0,96
19,63	0,96
19,65	0,95
19,68	0,95
19,70	0,96
19,73	0,97
19,75	0,98
19,78	0,99
19,80	0,99
19,82	1,01
19,85	1,00
19,87	1,00
19,90	1,00
19,92	0,99
19,95	0,99
19,97	0,99
19,99	0,99
20,02	1,01
20,04	1,01
20,07	1,01
20,09	1,02
20,12	1,02
20,14	1,02
20,17	1,03
20,19	1,02
20,21	1,02
20,24	1,03
20,26	1,00
20,29	1,03
20,31	1,01
20,34	1,03
20,36	1,03
20,39	1,01
20,41	1,03
20,43	1,04
20,46	1,04
20,48	1,04
20,51	1,02
20,53	1,04
20,56	1,06
20,58	1,07
20,61	1,06
20,63	1,06
20,65	1,07
20,68	1,06
20,70	1,06
20,73	1,04
20,75	1,06
20,78	1,05
20,80	1,06
20,83	1,07
20,85	1,09
20,87	1,11
20,90	1,11
20,92	1,10
20,95	1,11
20,97	1,09
21,00	1,08
21,02	1,05
21,05	1,06
21,07	1,06
21,09	1,07
21,12	1,08
21,14	1,09
21,17	1,13
21,19	1,12
21,22	1,12
21,24	1,12
21,26	1,11
21,29	1,11
21,31	1,10
21,34	1,11
21,36	1,12
21,39	1,12
21,41	1,12
21,44	1,13
21,46	1,16
21,48	1,14
21,51	1,14
21,53	1,13
21,56	1,15
21,58	1,15
21,61	1,13
21,63	1,16
21,66	1,17
21,68	1,19
21,70	1,18
21,73	1,16
21,75	1,17
21,78	1,16
21,80	1,14
21,83	1,13
21,85	1,13
21,88	1,14
21,90	1,17
21,92	1,19
21,95	1,20
21,97	1,23
22,00	1,22
22,02	1,22
22,05	1,22
22,07	1,19
22,10	1,18
22,12	1,17
22,14	1,18
22,17	1,19
22,19	1,20
22,22	1,22
22,24	1,22
22,27	1,25
22,29	1,25
22,31	1,24
22,34	1,25
22,36	1,24
22,39	1,24
22,41	1,24
22,44	1,25
22,46	1,25
22,49	1,26
22,51	1,26
22,53	1,26
22,56	1,27
22,58	1,25
22,61	1,25
22,63	1,26
22,66	1,26
22,68	1,27
22,71	1,27
22,73	1,28
22,75	1,30
22,78	1,31
22,80	1,30
22,83	1,30
22,85	1,29
22,88	1,28
22,90	1,28
22,93	1,28
22,95	1,29
22,97	1,29
23,00	1,29
23,02	1,32
23,05	1,33
23,07	1,33
23,10	1,33
23,12	1,33
23,15	1,33
23,17	1,32
23,19	1,32
23,22	1,31
23,24	1,32
23,27	1,32
23,29	1,33
23,32	1,33
23,34	1,34
23,36	1,35
23,39	1,35
23,41	1,34
23,44	1,33
23,46	1,34
23,49	1,35
23,51	1,35
23,54	1,35
23,56	1,36
23,58	1,36
23,61	1,37
23,63	1,38
23,66	1,38
23,68	1,38
23,71	1,37
23,73	1,37
23,76	1,38
23,78	1,38
23,80	1,37
23,83	1,38
23,85	1,39
23,88	1,39
23,90	1,39
23,93	1,39
23,95	1,40
23,98	1,39
24,00	1,39
24,02	1,39
24,05	1,39
24,07	1,39
24,10	1,41
24,12	1,42
24,15	1,43
24,17	1,44
24,20	1,43
24,22	1,44
24,24	1,43
24,27	1,42
24,29	1,42
24,32	1,40
24,34	1,42
24,37	1,44
24,39	1,44
24,42	1,45
24,44	1,46
24,46	1,47
24,49	1,48
24,51	1,47
24,54	1,45
24,56	1,47
24,59	1,45
24,61	1,45
24,63	1,47
24,66	1,47
24,68	1,49
24,71	1,48
24,73	1,50
24,76	1,50
24,78	1,49
24,81	1,48
24,83	1,47
24,85	1,48
24,88	1,49
24,90	1,49
24,93	1,50
24,95	1,52
24,98	1,55
25,00	1,53
25,03	1,53
25,05	1,53
25,07	1,51
25,10	1,52
25,12	1,51
25,15	1,52
25,17	1,53
25,20	1,53
25,22	1,56
25,25	1,57
25,27	1,58
25,29	1,56
25,32	1,55
25,34	1,56
25,37	1,56
25,39	1,54
25,42	1,53
25,44	1,56
25,47	1,57
25,49	1,59
25,51	1,59
25,54	1,59
25,56	1,62
25,59	1,60
25,61	1,60
25,64	1,60
25,66	1,60
25,68	1,60
25,71	1,58
25,73	1,59
25,76	1,60
25,78	1,60
25,81	1,60
25,83	1,61
25,86	1,62
25,88	1,63
25,90	1,62
25,93	1,62
25,95	1,63
25,98	1,66
26,00	1,63
26,03	1,66
26,05	1,65
26,08	1,68
26,10	1,67
26,12	1,67
26,15	1,68
26,17	1,66
26,20	1,66
26,22	1,66
26,25	1,66
26,27	1,66
26,30	1,66
26,32	1,66
26,34	1,68
26,37	1,69
26,39	1,68
26,42	1,69
26,44	1,70
26,47	1,70
26,49	1,70
26,52	1,69
26,54	1,70
26,56	1,71
26,59	1,71
26,61	1,71
26,64	1,72
26,66	1,72
26,69	1,74
26,71	1,73
26,73	1,73
26,76	1,73
26,78	1,73
26,81	1,74
26,83	1,75
26,86	1,75
26,88	1,76
26,91	1,75
26,93	1,75
26,95	1,75
26,98	1,75
27,00	1,75
27,03	1,74
27,05	1,75
27,08	1,76
27,10	1,76
27,13	1,77
27,15	1,78
27,17	1,79
27,20	1,79
27,22	1,79
27,25	1,78
27,27	1,78
27,30	1,79
27,32	1,78
27,35	1,80
27,37	1,80
27,39	1,80
27,42	1,82
27,44	1,83
27,47	1,83
27,49	1,82
27,52	1,81
27,54	1,80
27,57	1,81
27,59	1,80
27,61	1,79
27,64	1,79
27,66	1,80
27,69	1,82
27,71	1,83
27,74	1,83
27,76	1,84
27,78	1,84
27,81	1,85
27,83	1,84
27,86	1,84
27,88	1,84
27,91	1,84
27,93	1,85
27,96	1,85
27,98	1,86
28,00	1,86
28,03	1,87
28,05	1,87
28,08	1,87
28,10	1,86
28,13	1,85
28,15	1,87
28,18	1,88
28,20	1,87
28,22	1,88
28,25	1,88
28,27	1,90
28,30	1,90
28,32	1,89
28,35	1,89
28,37	1,89
28,40	1,89
28,42	1,90
28,44	1,90
28,47	1,91
28,49	1,91
28,52	1,90
28,54	1,91
28,57	1,92
28,59	1,91
28,62	1,92
28,64	1,91
28,66	1,92
28,69	1,92
28,71	1,90
28,74	1,91
28,76	1,94
28,79	1,94
28,81	1,94
28,84	1,95
28,86	1,96
28,88	1,98
28,91	1,98
28,93	1,96
28,96	1,97
28,98	1,96
29,01	1,96
29,03	1,96
29,05	1,96
29,08	1,99
29,10	1,97
29,13	1,99
29,15	1,99
29,18	1,99
29,20	1,99
29,23	1,98
29,25	1,99
29,27	2,00
29,30	2,00
29,32	2,01
29,35	2,02
29,37	2,02
29,40	2,01
29,42	2,01
29,45	2,00
29,47	2,01
29,49	2,01
29,52	2,00
29,54	2,04
29,57	2,04
29,59	2,06
29,62	2,08
29,64	2,08
29,67	2,09
29,69	2,08
29,71	2,07
29,74	2,07
29,76	2,07
29,79	2,06
29,81	2,06
29,84	2,07
29,86	2,08
29,89	2,11
29,91	2,10
29,93	2,10
29,96	2,11
29,98	2,10
30,01	2,10
30,03	2,09
30,06	2,11
30,08	2,11
30,10	2,12
30,13	2,14
30,15	2,15
30,18	2,17
30,20	2,16
30,23	2,16
30,25	2,16
30,28	2,15
30,30	2,14
30,32	2,13
30,35	2,15
30,37	2,16
30,40	2,16
30,42	2,17
30,45	2,16
30,47	2,19
30,50	2,18
30,52	2,17
30,54	2,17
30,57	2,17
30,59	2,18
30,62	2,19
30,64	2,21
30,67	2,22
30,69	2,22
30,72	2,22
30,74	2,23
30,76	2,24
30,79	2,23
30,81	2,23
30,84	2,21
30,86	2,22
30,89	2,23
30,91	2,24
30,94	2,25
30,96	2,25
30,98	2,26
31,01	2,27
31,03	2,27
31,06	2,27
31,08	2,27
31,11	2,27
31,13	2,25
31,15	2,27
31,18	2,26
31,20	2,26
31,23	2,27
31,25	2,26
31,28	2,28
31,30	2,27
31,33	2,27
31,35	2,29
31,37	2,30
31,40	2,29
31,42	2,29
31,45	2,30
31,47	2,31
31,50	2,32
31,52	2,33
31,55	2,33
31,57	2,34
31,59	2,33
31,62	2,33
31,64	2,32
31,67	2,32
31,69	2,31
31,72	2,31
31,74	2,32
31,77	2,33
31,79	2,33
31,81	2,34
31,84	2,34
31,86	2,35
31,89	2,34
31,91	2,33
31,94	2,32
31,96	2,33
31,99	2,32
32,01	2,32
32,03	2,32
32,06	2,32
32,08	2,36
32,11	2,35
32,13	2,36
32,16	2,36
32,18	2,36
32,20	2,36
32,23	2,35
32,25	2,35
32,28	2,36
32,30	2,35
32,33	2,36
32,35	2,36
32,38	2,37
32,40	2,36
32,42	2,36
32,45	2,36
32,47	2,37
32,50	2,36
32,52	2,36
32,55	2,38
32,57	2,39
32,60	2,40
32,62	2,40
32,64	2,39
32,67	2,41
32,69	2,40
32,72	2,38
32,74	2,38
32,77	2,38
32,79	2,38
32,82	2,41
32,84	2,42
32,86	2,43
32,89	2,43
32,91	2,43
32,94	2,44
32,96	2,44
32,99	2,42
33,01	2,42
33,04	2,41
33,06	2,42
33,08	2,43
33,11	2,43
33,13	2,44
33,16	2,44
33,18	2,45
33,21	2,46
33,23	2,46
33,26	2,45
33,28	2,47
33,30	2,47
33,33	2,47
33,35	2,47
33,38	2,46
33,40	2,48
33,43	2,46
33,45	2,48
33,47	2,49
33,50	2,47
33,52	2,48
33,55	2,48
33,57	2,50
33,60	2,50
33,62	2,49
33,65	2,51
33,67	2,52
33,69	2,55
33,72	2,54
33,74	2,55
33,77	2,57
33,79	2,55
33,82	2,55
33,84	2,54
33,87	2,55
33,89	2,55
33,91	2,55
33,94	2,57
33,96	2,59
33,99	2,61
34,01	2,61
34,04	2,61
34,06	2,61
34,09	2,60
34,11	2,60
34,13	2,58
34,16	2,59
34,18	2,59
34,21	2,60
34,23	2,62
34,26	2,63
34,28	2,67
34,31	2,67
34,33	2,67
34,35	2,67
34,38	2,67
34,40	2,67
34,43	2,65
34,45	2,67
34,48	2,69
34,50	2,71
34,52	2,71
34,55	2,72
34,57	2,74
34,60	2,73
34,62	2,72
34,65	2,71
34,67	2,73
34,70	2,73
34,72	2,70
34,74	2,73
34,77	2,74
34,79	2,74
34,82	2,76
34,84	2,73
34,87	2,77
34,89	2,76
34,92	2,75
34,94	2,75
34,96	2,75
34,99	2,75
35,01	2,77
35,04	2,78
35,06	2,78
35,09	2,81
35,11	2,80
35,14	2,82
35,16	2,83
35,18	2,81
35,21	2,81
35,23	2,80
35,26	2,80
35,28	2,82
35,31	2,81
35,33	2,82
35,36	2,84
35,38	2,85
35,40	2,85
35,43	2,86
35,45	2,84
35,48	2,85
35,50	2,84
35,53	2,84
35,55	2,85
35,57	2,86
35,60	2,86
35,62	2,86
35,65	2,87
35,67	2,89
35,70	2,87
35,72	2,86
35,75	2,87
35,77	2,88
35,79	2,88
35,82	2,88
35,84	2,88
35,87	2,90
35,89	2,91
35,92	2,89
35,94	2,88
35,97	2,88
35,99	2,88
36,01	2,87
36,04	2,86
36,06	2,87
36,09	2,88
36,11	2,88
36,14	2,90
36,16	2,90
36,19	2,91
36,21	2,90
36,23	2,88
36,26	2,88
36,28	2,88
36,31	2,88
36,33	2,87
36,36	2,87
36,38	2,89
36,41	2,90
36,43	2,90
36,45	2,90
36,48	2,92
36,50	2,91
36,53	2,91
36,55	2,89
36,58	2,89
36,60	2,90
36,62	2,88
36,65	2,89
36,67	2,89
36,70	2,90
36,72	2,90
36,75	2,91
36,77	2,92
36,80	2,92
36,82	2,91
36,84	2,90
36,87	2,91
36,89	2,91
36,92	2,90
36,94	2,90
36,97	2,91
36,99	2,92
37,02	2,91
37,04	2,91
37,06	2,91
37,09	2,90
37,11	2,90
37,14	2,88
37,16	2,88
37,19	2,89
37,21	2,90
37,24	2,91
37,26	2,92
37,28	2,94
37,31	2,94
37,33	2,95
37,36	2,95
37,38	2,94
37,41	2,93
37,43	2,92
37,46	2,93
37,48	2,94
37,50	2,95
37,53	2,96
37,55	2,97
37,58	2,99
37,60	2,99
37,63	2,99
37,65	2,98
37,68	2,98
37,70	2,98
37,72	2,98
37,75	2,99
37,77	3,00
37,80	3,03
37,82	3,01
37,85	3,03
37,87	3,05
37,89	3,04
37,92	3,03
37,94	3,01
37,97	3,03
37,99	3,04
38,02	3,03
38,04	3,04
38,07	3,06
38,09	3,09
38,11	3,08
38,14	3,09
38,16	3,09
38,19	3,08
38,21	3,10
38,24	3,08
38,26	3,10
38,29	3,11
38,31	3,12
38,33	3,15
38,36	3,16
38,38	3,17
38,41	3,17
38,43	3,16
38,46	3,17
38,48	3,17
38,51	3,17
38,53	3,17
38,55	3,19
38,58	3,21
38,60	3,24
38,63	3,26
38,65	3,25
38,68	3,28
38,70	3,27
38,73	3,27
38,75	3,27
38,77	3,26
38,80	3,27
38,82	3,27
38,85	3,28
38,87	3,30
38,90	3,29
38,92	3,30
38,94	3,31
38,97	3,32
38,99	3,33
39,02	3,33
39,04	3,33
39,07	3,36
39,09	3,35
39,12	3,35
39,14	3,36
39,16	3,37
39,19	3,38
39,21	3,39
39,24	3,39
39,26	3,40
39,29	3,39
39,31	3,40
39,34	3,41
39,36	3,42
39,38	3,42
39,41	3,43
39,43	3,44
39,46	3,45
39,48	3,46
39,51	3,45
39,53	3,44
39,56	3,43
39,58	3,44
39,60	3,43
39,63	3,41
39,65	3,43
39,68	3,44
39,70	3,45
39,73	3,45
39,75	3,46
39,78	3,46
39,80	3,47
39,82	3,47
39,85	3,46
39,87	3,47
39,90	3,47
39,92	3,46
39,95	3,47
39,97	3,48
39,99	3,50
40,02	3,49
40,04	3,49
40,07	3,51
40,09	3,50
40,12	3,51
40,14	3,49
40,17	3,50
40,19	3,50
40,21	3,51
40,24	3,51
40,26	3,51
40,29	3,52
40,31	3,52
40,34	3,52
40,36	3,50
40,39	3,49
40,41	3,50
40,43	3,50
40,46	3,51
40,48	3,51
40,51	3,51
40,53	3,53
40,56	3,53
40,58	3,53
40,61	3,51
40,63	3,49
40,65	3,48
40,68	3,48
40,70	3,47
40,73	3,47
40,75	3,47
40,78	3,48
40,80	3,50
40,83	3,49
40,85	3,49
40,87	3,49
40,90	3,49
40,92	3,48
40,95	3,47
40,97	3,47
41,00	3,48
41,02	3,48
41,05	3,49
41,07	3,48
41,09	3,48
41,12	3,47
41,14	3,49
41,17	3,49
41,19	3,48
41,22	3,47
41,24	3,46
41,26	3,48
41,29	3,48
41,31	3,47
41,34	3,47
41,36	3,47
41,39	3,48
41,41	3,48
41,44	3,47
41,46	3,47
41,48	3,46
41,51	3,46
41,53	3,47
41,56	3,48
41,58	3,48
41,61	3,48
41,63	3,48
41,66	3,49
41,68	3,50
41,70	3,48
41,73	3,48
41,75	3,47
41,78	3,48
41,80	3,48
41,83	3,46
41,85	3,47
41,88	3,50
41,90	3,51
41,92	3,51
41,95	3,51
41,97	3,52
42,00	3,54
42,02	3,54
42,05	3,52
42,07	3,51
42,10	3,51
42,12	3,51
42,14	3,52
42,17	3,53
42,19	3,56
42,22	3,54
42,24	3,57
42,27	3,57
42,29	3,59
42,31	3,58
42,34	3,57
42,36	3,58
42,39	3,60
42,41	3,61
42,44	3,61
42,46	3,62
42,49	3,64
42,51	3,63
42,53	3,64
42,56	3,64
42,58	3,66
42,61	3,66
42,63	3,66
42,66	3,69
42,68	3,70
42,71	3,72
42,73	3,73
42,75	3,73
42,78	3,76
42,80	3,75
42,83	3,74
42,85	3,74
42,88	3,76
42,90	3,77
42,93	3,77
42,95	3,78
42,97	3,81
43,00	3,85
43,02	3,85
43,05	3,85
43,07	3,85
43,10	3,84
43,12	3,86
43,15	3,84
43,17	3,86
43,19	3,87
43,22	3,88
43,24	3,91
43,27	3,93
43,29	3,96
43,32	3,96
43,34	3,96
43,36	3,96
43,39	3,96
43,41	3,97
43,44	3,97
43,46	3,99
43,49	3,99
43,51	4,01
43,54	4,02
43,56	4,03
43,58	4,04
43,61	4,02
43,63	4,02
43,66	4,01
43,68	4,02
43,71	4,02
43,73	4,03
43,76	4,06
43,78	4,07
43,80	4,10
43,83	4,10
43,85	4,12
43,88	4,14
43,90	4,12
43,93	4,11
43,95	4,09
43,98	4,11
44,00	4,13
44,02	4,13
44,05	4,14
44,07	4,15
44,10	4,18
44,12	4,17
44,15	4,18
44,17	4,17
44,20	4,17
44,22	4,16
44,24	4,14
44,27	4,16
44,29	4,16
44,32	4,17
44,34	4,19
44,37	4,19
44,39	4,22
44,41	4,21
44,44	4,20
44,46	4,21
44,49	4,20
44,51	4,19
44,54	4,17
44,56	4,18
44,59	4,20
44,61	4,21
44,63	4,20
44,66	4,21
44,68	4,22
44,71	4,20
44,73	4,20
44,76	4,18
44,78	4,19
44,81	4,18
44,83	4,16
44,85	4,18
44,88	4,19
44,90	4,20
44,93	4,21
44,95	4,19
44,98	4,21
45,00	4,20
45,03	4,18
45,05	4,16
45,07	4,16
45,10	4,15
45,12	4,15
45,15	4,15
45,17	4,15
45,20	4,19
45,22	4,17
45,25	4,16
45,27	4,16
45,29	4,15
45,32	4,15
45,34	4,12
45,37	4,12
45,39	4,13
45,42	4,13
45,44	4,14
45,47	4,14
45,49	4,15
45,51	4,14
45,54	4,13
45,56	4,12
45,59	4,12
45,61	4,10
45,64	4,08
45,66	4,11
45,68	4,11
45,71	4,12
45,73	4,12
45,76	4,10
45,78	4,12
45,81	4,10
45,83	4,08
45,86	4,07
45,88	4,07
45,90	4,07
45,93	4,07
45,95	4,08
45,98	4,09
46,00	4,11
46,03	4,08
46,05	4,09
46,08	4,09
46,10	4,07
46,12	4,07
46,15	4,05
46,17	4,07
46,20	4,08
46,22	4,09
46,25	4,10
46,27	4,11
46,30	4,13
46,32	4,12
46,34	4,11
46,37	4,11
46,39	4,10
46,42	4,10
46,44	4,09
46,47	4,11
46,49	4,12
46,52	4,14
46,54	4,14
46,56	4,14
46,59	4,16
46,61	4,13
46,64	4,13
46,66	4,14
46,69	4,15
46,71	4,15
46,73	4,14
46,76	4,16
46,78	4,19
46,81	4,20
46,83	4,21
46,86	4,20
46,88	4,23
46,91	4,21
46,93	4,22
46,95	4,22
46,98	4,23
47,00	4,25
47,03	4,26
47,05	4,28
47,08	4,29
47,10	4,31
47,13	4,32
47,15	4,33
47,17	4,34
47,20	4,34
47,22	4,35
47,25	4,36
47,27	4,38
47,30	4,38
47,32	4,40
47,35	4,42
47,37	4,43
47,39	4,48
47,42	4,49
47,44	4,50
47,47	4,50
47,49	4,52
47,52	4,53
47,54	4,53
47,57	4,54
47,59	4,54
47,61	4,55
47,64	4,57
47,66	4,59
47,69	4,62
47,71	4,62
47,74	4,62
47,76	4,63
47,78	4,65
47,81	4,66
47,83	4,66
47,86	4,68
47,88	4,70
47,91	4,72
47,93	4,73
47,96	4,74
47,98	4,76
48,00	4,76
48,03	4,75
48,05	4,76
48,08	4,76
48,10	4,77
48,13	4,80
48,15	4,81
48,18	4,82
48,20	4,83
48,22	4,82
48,25	4,84
48,27	4,85
48,30	4,83
48,32	4,84
48,35	4,83
48,37	4,84
48,40	4,86
48,42	4,87
48,44	4,88
48,47	4,88
48,49	4,90
48,52	4,90
48,54	4,90
48,57	4,89
48,59	4,90
48,62	4,90
48,64	4,90
48,66	4,90
48,69	4,90
48,71	4,92
48,74	4,92
48,76	4,92
48,79	4,94
48,81	4,92
48,84	4,94
48,86	4,93
48,88	4,93
48,91	4,95
48,93	4,92
48,96	4,93
48,98	4,94
49,01	4,94
49,03	4,95
49,05	4,94
49,08	4,94
49,10	4,96
49,13	4,97
49,15	4,95
49,18	4,94
49,20	4,94
49,23	4,93
49,25	4,93
49,27	4,92
49,30	4,92
49,32	4,93
49,35	4,93
49,37	4,94
49,40	4,93
49,42	4,94
49,45	4,94
49,47	4,93
49,49	4,92
49,52	4,91
49,54	4,89
49,57	4,89
49,59	4,89
49,62	4,88
49,64	4,89
49,67	4,87
49,69	4,87
49,71	4,89
49,74	4,88
49,76	4,87
49,79	4,85
49,81	4,85
49,84	4,86
49,86	4,85
49,89	4,85
49,91	4,84
49,93	4,85
49,96	4,84
49,98	4,83
50,01	4,83
50,03	4,82
50,06	4,80
50,08	4,78
50,10	4,79
50,13	4,79
50,15	4,79
50,18	4,81
50,20	4,81
50,23	4,82
50,25	4,80
50,28	4,78
50,30	4,78
50,32	4,76
50,35	4,73
50,37	4,71
50,40	4,71
50,42	4,72
50,45	4,73
50,47	4,74
50,50	4,74
50,52	4,75
50,54	4,73
50,57	4,73
50,59	4,72
50,62	4,71
50,64	4,70
50,67	4,68
50,69	4,69
50,72	4,69
50,74	4,70
50,76	4,70
50,79	4,70
50,81	4,72
50,84	4,71
50,86	4,71
50,89	4,70
50,91	4,72
50,94	4,72
50,96	4,72
50,98	4,72
51,01	4,72
51,03	4,74
51,06	4,72
51,08	4,72
51,11	4,70
51,13	4,69
51,15	4,70
51,18	4,70
51,20	4,72
51,23	4,73
51,25	4,74
51,28	4,78
51,30	4,78
51,33	4,81
51,35	4,80
51,37	4,79
51,40	4,81
51,42	4,80
51,45	4,81
51,47	4,81
51,50	4,82
51,52	4,84
51,55	4,86
51,57	4,87
51,59	4,89
51,62	4,90
51,64	4,92
51,67	4,93
51,69	4,94
51,72	4,96
51,74	4,97
51,77	4,98
51,79	5,00
51,81	5,00
51,84	5,03
51,86	5,04
51,89	5,05
51,91	5,09
51,94	5,09
51,96	5,10
51,99	5,11
52,01	5,13
52,03	5,15
52,06	5,17
52,08	5,19
52,11	5,22
52,13	5,24
52,16	5,25
52,18	5,27
52,20	5,28
52,23	5,30
52,25	5,30
52,28	5,31
52,30	5,34
52,33	5,35
52,35	5,37
52,38	5,40
52,40	5,42
52,42	5,45
52,45	5,45
52,47	5,46
52,50	5,48
52,52	5,48
52,55	5,48
52,57	5,49
52,60	5,49
52,62	5,51
52,64	5,53
52,67	5,54
52,69	5,56
52,72	5,57
52,74	5,57
52,77	5,59
52,79	5,59
52,82	5,59
52,84	5,60
52,86	5,60
52,89	5,62
52,91	5,64
52,94	5,65
52,96	5,66
52,99	5,68
53,01	5,69
53,04	5,70
53,06	5,69
53,08	5,68
53,11	5,69
53,13	5,69
53,16	5,70
53,18	5,71
53,21	5,71
53,23	5,73
53,26	5,72
53,28	5,73
53,30	5,73
53,33	5,72
53,35	5,71
53,38	5,72
53,40	5,73
53,43	5,74
53,45	5,73
53,47	5,74
53,50	5,75
53,52	5,76
53,55	5,73
53,57	5,73
53,60	5,72
53,62	5,72
53,65	5,71
53,67	5,70
53,69	5,71
53,72	5,72
53,74	5,72
53,77	5,72
53,79	5,72
53,82	5,72
53,84	5,71
53,87	5,70
53,89	5,69
53,91	5,69
53,94	5,69
53,96	5,68
53,99	5,68
54,01	5,68
54,04	5,69
54,06	5,68
54,09	5,67
54,11	5,68
54,13	5,66
54,16	5,66
54,18	5,65
54,21	5,65
54,23	5,65
54,26	5,64
54,28	5,63
54,31	5,63
54,33	5,63
54,35	5,61
54,38	5,61
54,40	5,60
54,43	5,60
54,45	5,59
54,48	5,58
54,50	5,59
54,52	5,59
54,55	5,57
54,57	5,56
54,60	5,56
54,62	5,55
54,65	5,52
54,67	5,51
54,70	5,51
54,72	5,51
54,74	5,50
54,77	5,49
54,79	5,49
54,82	5,49
54,84	5,51
54,87	5,50
54,89	5,49
54,92	5,49
54,94	5,47
54,96	5,47
54,99	5,46
55,01	5,45
55,04	5,44
55,06	5,42
55,09	5,42
55,11	5,43
55,14	5,43
55,16	5,43
55,18	5,41
55,21	5,40
55,23	5,41
55,26	5,41
55,28	5,38
55,31	5,40
55,33	5,37
55,36	5,40
55,38	5,39
55,40	5,40
55,43	5,41
55,45	5,38
55,48	5,38
55,50	5,37
55,53	5,34
55,55	5,34
55,57	5,32
55,60	5,34
55,62	5,35
55,65	5,38
55,67	5,38
55,70	5,40
55,72	5,42
55,75	5,40
55,77	5,39
55,79	5,38
55,82	5,37
55,84	5,41
55,87	5,39
55,89	5,41
55,92	5,43
55,94	5,44
55,97	5,46
55,99	5,46
56,01	5,47
56,04	5,47
56,06	5,47
56,09	5,47
56,11	5,49
56,14	5,50
56,16	5,52
56,19	5,54
56,21	5,56
56,23	5,60
56,26	5,59
56,28	5,61
56,31	5,62
56,33	5,63
56,36	5,65
56,38	5,64
56,41	5,67
56,43	5,71
56,45	5,73
56,48	5,75
56,50	5,77
56,53	5,79
56,55	5,80
56,58	5,82
56,60	5,84
56,62	5,86
56,65	5,88
56,67	5,89
56,70	5,94
56,72	5,98
56,75	6,00
56,77	6,01
56,80	6,02
56,82	6,06
56,84	6,06
56,87	6,07
56,89	6,08
56,92	6,10
56,94	6,13
56,97	6,16
56,99	6,17
57,02	6,21
57,04	6,23
57,06	6,26
57,09	6,28
57,11	6,30
57,14	6,30
57,16	6,32
57,19	6,32
57,21	6,34
57,24	6,36
57,26	6,36
57,28	6,38
57,31	6,41
57,33	6,43
57,36	6,44
57,38	6,46
57,41	6,47
57,43	6,49
57,46	6,49
57,48	6,48
57,50	6,50
57,53	6,51
57,55	6,51
57,58	6,52
57,60	6,54
57,63	6,56
57,65	6,55
57,68	6,56
57,70	6,57
57,72	6,58
57,75	6,59
57,77	6,58
57,80	6,59
57,82	6,61
57,85	6,63
57,87	6,62
57,89	6,62
57,92	6,62
57,94	6,61
57,97	6,61
57,99	6,59
58,02	6,59
58,04	6,60
58,07	6,61
58,09	6,62
58,11	6,62
58,14	6,64
58,16	6,64
58,19	6,64
58,21	6,62
58,24	6,61
58,26	6,60
58,29	6,58
58,31	6,59
58,33	6,58
58,36	6,58
58,38	6,57
58,41	6,57
58,43	6,59
58,46	6,59
58,48	6,58
58,51	6,57
58,53	6,55
58,55	6,56
58,58	6,55
58,60	6,55
58,63	6,54
58,65	6,54
58,68	6,53
58,70	6,54
58,73	6,52
58,75	6,50
58,77	6,50
58,80	6,48
58,82	6,48
58,85	6,48
58,87	6,46
58,90	6,49
58,92	6,48
58,94	6,47
58,97	6,46
58,99	6,44
59,02	6,44
59,04	6,42
59,07	6,40
59,09	6,38
59,12	6,38
59,14	6,38
59,16	6,39
59,19	6,38
59,21	6,38
59,24	6,38
59,26	6,36
59,29	6,35
59,31	6,34
59,34	6,32
59,36	6,30
59,38	6,28
59,41	6,28
59,43	6,29
59,46	6,28
59,48	6,29
59,51	6,29
59,53	6,30
59,56	6,29
59,58	6,27
59,60	6,25
59,63	6,26
59,65	6,24
59,68	6,22
59,70	6,22
59,73	6,21
59,75	6,23
59,78	6,20
59,80	6,21
59,82	6,20
59,85	6,18
59,87	6,16
59,90	6,15
59,92	6,16
59,95	6,25
59,97	6,25
59,99	6,33
